am
   30.754  132.824
   30.970  132.965
   31.216  133.197
   31.515  133.500
   31.882  134.042
   32.200  134.691
   32.326  135.026
   32.460  135.356
   32.537  135.612
   32.686  136.025
   32.868  136.524
   33.053  137.030
   33.405  137.546
   33.749  138.066
   34.059  138.383
   34.582  138.508
   35.034  138.674
   35.034  138.674
   35.360  138.421
   35.734  138.259
   36.027  138.121
   36.311  137.894
   36.600  137.854
   37.184  137.902
   37.856  137.889
   38.485  137.848
   38.982  137.774
   39.404  137.845
   39.659  138.085
   39.832  138.352
   40.072  138.655
   40.474  138.655
   40.782  138.756
   41.103  138.475
   41.482  138.489
   41.769  138.743
   41.995  138.824
   42.766  138.811
   43.192  138.801
   43.939  138.563
   44.295  138.577
   44.811  138.850
   45.412  139.038
   45.947  139.158
   46.224  139.370
   46.516  139.938
   46.956  140.553
   47.392  141.178
   48.051  142.023
   48.704  142.878
   49.241  142.761
   49.778  142.641
   50.318  142.521
   50.857  142.398
   51.700  142.541
   52.542  142.692
   53.042  142.784
   53.384  142.849
   54.035  142.409
   54.035  142.409
   54.074  141.278
   54.103  140.145
   54.333  139.211
   54.588  137.918
   54.830  136.610
   55.060  135.138
   55.273  133.650
   55.491  132.674
   55.702  131.688
   55.861  130.747
   56.013  129.798
   56.401  128.393
   56.774  126.960
   57.130  125.499
   57.178  124.573
   57.219  123.645
   57.254  122.715
   57.281  121.784
   57.302  120.851
   57.316  119.918
   57.151  119.021
   56.980  118.133
   56.802  117.253
   56.618  116.382
   56.526  115.015
   56.418  113.656
   56.295  112.305
   56.221  110.924
   55.762  109.758
   55.331  109.375
   54.899  109.000
   54.150  108.691
   53.401  108.393
   53.081  107.706
   52.758  107.029
   52.431  106.362
   52.099  105.705
   51.765  105.058
   51.427  104.420
   50.786  104.904
   50.143  105.375
   49.292  105.582
   48.441  105.781
   47.910  105.916
   47.380  106.048
   46.849  106.177
   46.318  106.304
   45.875  106.460
   45.431  106.614
   44.987  106.765
   44.543  106.914
   44.099  107.061
   43.655  107.205
   43.149  108.131
   42.636  109.041
   42.070  109.693
   41.601  110.570
   41.126  111.435
   40.645  112.287
   41.024  112.911
   41.399  113.542
   41.163  114.392
   40.921  115.235
   40.596  115.810
   40.267  116.379
   40.057  117.010
   39.843  117.638
   40.054  118.245
   40.261  118.856
   40.654  119.846
   41.039  120.848
   41.329  121.313
   41.617  121.782
   41.904  122.255
   42.188  122.732
   41.530  123.510
   40.867  124.272
   40.200  125.019
   39.742  125.199
   39.283  125.376
   38.824  125.551
   38.365  125.723
   37.541  125.914
   36.718  126.101
   36.169  126.115
   35.621  126.128
   34.936  126.196
   34.252  126.263
   34.252  126.263
   33.563  125.521
   32.870  124.791
   32.173  124.072
   31.471  123.364
   31.471  123.364
   31.326  123.867
   31.250  124.487
   31.196  125.030
   31.202  125.729
   31.227  126.404
   31.273  127.054
   31.362  127.655
   31.471  128.258
   31.601  128.812
   31.793  129.442
   31.793  129.442
   32.042  129.768
   32.019  130.185
   31.982  130.835
   31.877  131.284
   31.761  131.717
   31.484  132.030
   31.257  132.269
   30.991  132.581
   30.754  132.824
   30.754  132.824
