an
  -54.396    7.772
  -54.101    7.237
  -53.814    6.625
  -54.114    6.184
  -54.543    5.495
  -54.309    5.084
  -54.162    4.827
  -54.430    4.415
  -54.127    3.956
  -53.834    3.369
  -53.651    3.025
  -54.037    2.360
  -54.399    1.695
  -54.832    0.965
  -54.451    0.443
  -54.677   -0.039
  -54.852   -0.438
  -54.852   -0.438
  -55.019   -1.039
  -55.129   -1.606
  -55.653   -1.614
  -55.657   -2.080
  -55.707   -2.896
  -55.740   -3.720
  -55.769   -4.056
  -55.807   -4.691
  -56.210   -4.675
  -56.592   -4.693
  -56.627   -5.448
  -56.672   -6.057
  -56.982   -6.094
  -57.240   -6.130
  -57.270   -6.538
  -57.318   -6.999
  -57.617   -7.013
  -57.869   -7.009
  -57.920   -7.525
  -57.989   -8.607
  -58.092   -9.885
  -58.158  -11.190
  -58.241  -12.649
  -58.317  -13.954
  -58.390  -15.069
  -58.439  -15.972
  -58.459  -16.005
  -58.767  -16.226
  -59.098  -16.410
  -59.098  -16.917
  -59.129  -17.667
  -59.153  -18.060
  -59.509  -18.123
  -59.542  -18.433
  -59.938  -18.547
  -60.250  -18.646
  -60.289  -19.370
  -60.811  -19.581
  -60.782  -20.651
  -60.744  -21.719
  -60.723  -22.914
  -60.692  -24.107
  -60.545  -25.093
  -60.391  -26.071
  -60.391  -26.071
  -60.506  -26.890
  -60.617  -27.697
  -60.617  -27.697
  -60.601  -28.743
  -60.575  -29.738
  -60.512  -31.014
  -60.409  -32.367
  -60.409  -32.367
  -60.701  -33.446
  -60.989  -34.825
  -61.392  -36.418
  -61.243  -37.560
  -61.018  -39.093
  -60.634  -39.827
  -60.975  -41.214
  -60.501  -42.067
  -60.376  -43.151
  -60.242  -44.226
  -60.242  -44.226
  -60.092  -45.603
  -59.960  -46.963
  -59.968  -48.251
  -60.044  -49.599
  -60.094  -50.887
  -60.572  -51.119
  -60.753  -52.068
  -61.037  -53.122
  -61.510  -54.301
  -61.510  -54.301
  -61.687  -55.436
  -62.063  -56.306
  -62.304  -57.390
  -62.553  -58.614
  -62.945  -60.118
  -63.293  -61.750
  -63.001  -62.420
  -62.825  -63.292
  -62.422  -63.969
  -62.422  -63.969
  -62.110  -63.105
  -61.841  -62.203
  -61.543  -61.332
  -61.363  -60.650
  -61.177  -59.836
  -61.082  -58.891
  -60.962  -58.131
  -60.855  -57.494
  -60.565  -56.925
  -60.565  -56.925
  -59.999  -58.223
  -59.728  -58.970
  -59.453  -59.705
  -59.011  -61.040
  -58.603  -62.571
  -58.359  -63.571
  -57.959  -64.617
  -57.959  -64.617
  -57.736  -65.867
  -57.502  -67.102
  -57.072  -68.097
  -56.852  -69.256
  -56.622  -70.401
  -56.255  -71.548
  -55.962  -72.277
  -55.665  -72.995
  -55.359  -73.480
  -55.004  -74.120
  -54.645  -74.749
  -54.294  -75.239
  -53.941  -75.720
  -53.435  -76.020
  -52.928  -76.312
  -52.068  -76.483
  -52.068  -76.483
  -51.377  -76.626
  -50.729  -76.757
  -49.845  -76.990
  -49.192  -77.024
  -48.507  -76.925
  -47.875  -76.650
  -47.478  -76.321
  -47.080  -75.997
  -46.422  -75.958
  -45.658  -76.006
  -45.658  -76.006
  -45.643  -76.675
  -45.761  -77.661
  -45.589  -77.764
  -45.092  -77.990
  -44.411  -78.207
  -44.545  -78.893
  -44.666  -79.586
  -44.782  -80.281
  -44.876  -81.106
  -44.964  -81.935
  -44.404  -82.138
  -43.639  -82.351
  -42.861  -82.509
  -42.981  -83.448
  -42.873  -83.454
  -42.222  -83.604
  -41.674  -83.716
  -41.125  -83.827
  -41.191  -84.487
  -41.253  -85.148
  -41.392  -86.240
  -41.521  -87.336
  -41.273  -87.417
  -41.319  -88.447
  -41.378  -89.250
  -41.432  -90.054
  -41.059  -90.088
  -41.082  -90.739
  -41.102  -91.391
  -40.732  -91.476
  -40.282  -91.512
  -39.833  -91.548
  -39.349  -91.603
  -38.866  -91.658
  -38.918  -92.340
  -38.967  -93.022
  -38.429  -93.075
  -38.482  -93.996
  -37.717  -94.093
  -37.001  -94.130
  -36.985  -94.909
  -36.965  -95.689
  -36.921  -96.552
  -36.871  -97.413
  -36.294  -97.402
  -36.193  -98.417
  -36.133  -99.532
  -36.063 -100.645
  -35.997 -101.286
  -35.927 -101.926
  -35.854 -102.565
  -35.778 -103.202
  -35.694 -103.998
  -35.605 -104.793
  -35.524 -105.391
  -35.439 -105.988
  -35.394 -106.666
  -35.344 -107.343
  -35.240 -108.071
  -35.132 -108.797
  -34.545 -109.259
  -34.545 -109.259
  -34.609 -109.691
  -34.702 -109.919
  -34.817 -110.141
  -34.946 -110.326
  -35.061 -110.527
  -35.091 -110.827
  -35.091 -110.827
  -35.319 -110.877
  -35.797 -110.895
  -35.830 -110.579
  -36.219 -110.715
  -36.358 -110.739
  -36.410 -110.471
  -37.042 -110.668
  -37.674 -110.869
  -38.276 -111.067
  -38.878 -111.268
  -38.978 -111.270
  -38.986 -110.391
  -39.575 -110.533
  -40.164 -110.677
  -40.760 -110.754
  -41.355 -110.832
  -42.249 -110.954
  -42.200 -111.349
  -42.683 -111.538
  -43.166 -111.730
  -43.774 -111.971
  -44.381 -112.216
  -44.938 -112.381
  -45.494 -112.550
  -45.833 -112.675
  -45.854 -112.426
  -46.538 -112.685
  -47.222 -112.950
  -47.773 -113.131
  -48.324 -113.315
  -48.841 -113.528
  -49.357 -113.745
  -49.849 -113.875
  -49.721 -114.556
  -49.589 -115.233
  -49.367 -116.388
  -49.893 -116.802
  -50.418 -117.225
  -50.875 -117.522
  -51.331 -117.824
  -51.772 -118.120
  -52.212 -118.422
  -52.752 -118.875
  -52.897 -118.977
  -53.124 -117.661
  -53.691 -118.037
  -54.350 -118.313
  -54.819 -118.581
  -54.642 -119.685
  -54.410 -120.663
  -55.219 -121.228
  -55.832 -121.635
  -56.026 -121.862
  -55.873 -122.655
  -55.715 -123.442
  -55.587 -124.262
  -55.454 -125.077
  -55.138 -126.197
  -55.064 -126.800
  -55.565 -127.231
  -55.322 -128.624
  -55.129 -129.345
  -54.931 -130.059
  -54.623 -131.375
  -54.432 -132.126
  -54.237 -132.870
  -53.887 -134.205
  -53.643 -135.307
  -53.396 -136.180
  -53.907 -136.590
  -53.688 -137.522
  -53.568 -137.890
  -54.141 -138.338
  -54.712 -138.799
  -55.251 -139.253
  -55.615 -139.578
  -55.725 -139.191
  -56.268 -139.545
  -56.772 -140.041
  -57.053 -140.325
  -56.839 -141.211
  -56.619 -142.086
  -56.263 -143.324
  -55.910 -144.482
  -55.784 -144.857
  -56.228 -145.412
  -56.669 -145.979
  -57.308 -146.681
  -57.638 -147.167
  -57.555 -147.692
  -58.130 -148.276
  -58.822 -149.264
  -59.314 -149.809
  -59.718 -150.382
  -59.469 -151.329
  -60.157 -152.119
  -60.841 -152.943
  -61.399 -153.661
  -61.836 -154.181
  -61.776 -154.324
  -62.433 -155.254
  -62.953 -156.022
  -63.324 -156.717
  -63.070 -157.601
  -62.788 -158.394
  -63.004 -158.703
  -62.595 -159.888
  -62.923 -160.430
  -62.614 -161.338
  -62.394 -162.061
  -62.968 -163.001
  -63.467 -163.921
  -63.007 -165.149
  -62.606 -166.199
  -62.490 -166.608
  -63.106 -167.513
  -63.730 -168.379
  -64.245 -169.109
  -64.764 -169.839
  -64.859 -170.043
  -64.356 -171.300
  -64.978 -172.517
  -65.506 -173.709
  -65.835 -174.418
  -65.505 -175.070
  -65.183 -175.729
  -65.607 -177.072
  -65.862 -177.926
  -66.163 -178.793
  -65.986 -179.197
  -65.739  179.963
  -65.477  179.381
  -65.274  178.759
  -65.079  178.240
  -64.975  177.889
  -64.736  177.338
  -64.506  176.819
  -64.410  176.549
  -64.188  176.063
  -63.984  175.582
  -64.174  175.162
  -64.315  174.814
  -64.508  174.242
  -64.738  173.631
  -64.256  172.520
  -64.097  172.164
  -63.807  171.640
  -63.447  171.009
  -63.149  170.441
  -62.972  170.068
  -62.676  169.605
  -62.446  169.238
  -62.632  168.708
  -62.773  168.277
  -62.971  167.550
  -63.221  166.858
  -63.087  166.620
  -62.668  165.969
  -62.473  165.653
  -62.077  165.103
  -62.177  164.768
  -62.322  164.275
  -62.475  163.773
  -62.660  163.202
  -62.213  162.579
  -61.763  161.975
  -61.457  161.228
  -61.457  161.228
  -61.559  160.865
  -62.026  159.440
  -62.478  157.970
  -62.914  156.457
  -62.174  155.701
  -61.429  154.981
  -60.681  154.294
  -59.930  153.639
  -60.176  152.473
  -60.413  151.290
  -59.944  151.008
  -59.475  150.733
  -59.570  150.006
  -58.999  149.652
  -58.552  149.398
  -58.104  149.150
  -57.436  148.806
  -57.527  148.076
  -57.566  147.902
  -57.088  147.721
  -56.610  147.545
  -56.132  147.373
  -55.654  147.206
  -55.175  147.043
  -54.695  146.881
  -54.695  146.881
  -54.755  145.401
  -54.798  144.282
  -54.234  143.778
  -54.215  142.250
  -54.053  141.451
  -53.885  140.659
  -53.504  140.584
  -52.750  140.478
  -52.274  140.400
  -51.798  140.323
  -51.838  139.813
  -51.174  139.733
  -50.279  139.645
  -50.256  139.110
  -50.231  138.401
  -50.234  137.700
  -50.220  136.946
  -50.248  136.226
  -50.209  135.246
  -50.384  135.026
  -50.347  134.245
  -50.306  133.465
  -50.223  132.261
  -50.222  131.515
  -50.604  131.256
  -50.525  130.569
  -50.348  129.412
  -50.159  128.312
  -49.976  127.143
  -49.643  127.196
  -49.294  127.243
  -48.764  127.313
  -48.698  126.861
  -48.630  126.434
  -49.044  126.264
  -49.401  126.074
  -49.717  125.896
  -49.598  125.262
  -49.358  125.125
  -49.153  124.992
  -48.983  124.607
  -48.848  124.213
  -48.906  124.007
  -49.122  123.771
  -49.585  123.328
  -49.542  123.013
  -49.729  122.797
  -49.812  122.553
  -49.846  122.224
  -49.736  121.866
  -49.620  121.437
  -49.006  121.555
  -48.890  120.842
  -49.524  120.516
  -50.036  120.273
  -49.938  119.366
  -49.802  118.547
  -49.865  118.194
  -49.620  117.523
  -49.271  116.635
  -49.540  116.256
  -49.852  115.988
  -49.974  115.500
  -49.878  114.362
  -50.388  114.024
  -50.200  112.967
  -50.084  111.666
  -49.930  111.363
  -49.800  111.129
  -49.829  110.868
  -49.779  110.472
  -49.523  109.351
  -49.523  109.351
  -49.259  108.240
  -49.182  108.285
  -49.015  107.486
  -48.841  106.692
  -49.101  106.554
  -48.934  105.898
  -48.762  105.247
  -48.588  104.601
  -48.409  103.959
  -48.227  103.321
  -48.042  102.688
  -47.853  102.060
  -47.661  101.436
  -47.465  100.817
  -47.267  100.202
  -47.978   99.624
  -47.744   98.979
  -47.506   98.340
  -47.265   97.707
  -47.020   97.080
  -46.772   96.458
  -46.520   95.842
  -45.996   96.274
  -45.471   96.698
  -45.141   95.806
  -44.805   94.926
  -44.620   95.040
  -44.390   94.470
  -44.157   93.904
  -43.922   93.343
  -43.684   92.786
  -43.443   92.234
  -43.199   91.686
  -42.953   91.142
  -42.705   90.603
  -42.454   90.068
  -42.200   89.537
  -41.944   89.011
  -41.686   88.488
  -41.997   88.060
  -41.711   87.502
  -41.421   86.950
  -41.129   86.402
  -40.834   85.859
  -41.180   85.466
  -41.525   85.070
  -41.868   84.669
  -42.210   84.263
  -42.551   83.853
  -42.890   83.439
  -42.309   82.588
  -41.722   81.752
  -41.130   80.931
  -41.512   80.463
  -41.892   79.990
  -41.384   79.319
  -40.872   78.659
  -40.866   78.484
  -40.326   77.825
  -39.905   78.425
  -39.538   78.002
  -39.262   78.384
  -39.005   78.073
  -38.659   78.529
  -38.393   78.181
  -38.001   78.706
  -37.483   78.021
  -36.998   78.606
  -36.511   79.184
  -36.098   78.690
  -35.683   78.201
  -35.161   78.803
  -34.842   78.442
  -34.807   78.488
  -34.324   77.917
  -33.838   77.352
  -33.194   78.086
  -32.828   77.658
  -32.459   77.233
  -32.090   76.812
  -31.719   76.395
  -31.465   76.689
  -30.970   76.148
  -30.906   76.204
  -30.573   75.797
  -30.240   75.393
  -30.118   75.515
  -30.006   75.364
  -29.839   75.554
  -29.328   74.938
  -29.265   74.994
  -28.904   74.592
  -28.541   74.192
  -28.317   74.406
  -27.944   73.969
  -27.570   73.534
  -27.655   73.400
  -27.446   73.123
  -27.573   72.920
  -27.146   72.463
  -26.718   72.008
  -26.656   72.066
  -26.386   71.717
  -26.454   71.580
  -26.083   71.135
  -26.187   70.994
  -25.912   70.665
  -26.060   70.409
  -25.651   69.960
  -25.651   69.960
  -25.676   69.490
  -25.782   69.460
  -25.784   69.138
  -25.993   69.150
  -26.009   68.829
  -26.141   68.820
  -26.121   68.598
  -26.262   68.622
  -26.291   67.979
  -26.583   67.962
  -26.572   67.433
  -26.870   67.424
  -26.867   67.156
  -27.269   67.129
  -27.281   66.373
  -27.515   66.359
  -27.514   65.347
  -27.812   65.332
  -27.817   64.467
  -27.831   63.604
  -28.039   63.621
  -28.021   63.194
  -28.164   63.211
  -28.152   62.703
  -28.459   62.746
  -28.490   62.135
  -28.811   62.162
  -28.777   61.518
  -28.920   61.532
  -28.931   60.810
  -29.465   60.786
  -29.999   60.762
  -30.015   60.747
  -30.532   60.763
  -30.561   60.005
  -30.567   59.188
  -31.050   59.167
  -31.055   58.530
  -31.691   58.456
  -31.722   57.800
  -31.771   57.153
  -32.303   57.122
  -32.835   57.091
  -33.554   57.061
  -33.627   56.401
  -33.653   55.738
  -34.235   55.699
  -34.287   55.301
  -34.560   55.275
  -34.542   54.255
  -35.302   54.216
  -35.517   53.471
  -36.141   53.467
  -36.153   52.902
  -36.162   52.338
  -36.797   52.311
  -37.432   52.283
  -37.441   51.555
  -37.451   50.827
  -37.580   50.823
  -37.597   49.962
  -37.790   49.945
  -37.792   49.037
  -38.000   49.034
  -38.014   48.633
  -38.478   48.017
  -38.651   48.023
  -38.764   47.135
  -38.870   46.244
  -39.495   46.160
  -40.119   46.074
  -40.108   45.332
  -40.366   45.303
  -40.369   44.716
  -40.691   44.686
  -40.671   44.023
  -40.915   44.009
  -40.850   42.873
  -41.321   42.774
  -41.790   42.674
  -42.260   42.572
  -42.730   42.469
  -42.655   41.812
  -43.117   41.686
  -43.579   41.558
  -43.438   40.506
  -43.286   39.459
  -43.726   39.267
  -44.165   39.073
  -44.055   38.338
  -44.401   38.194
  -44.619   38.083
  -44.619   38.083
  -44.875   37.508
  -44.804   37.086
  -44.920   36.677
  -44.967   36.303
  -44.961   35.973
  -44.866   35.660
  -44.855   35.182
  -45.106   35.014
  -45.466   34.868
  -45.971   34.704
  -46.222   34.504
  -46.212   34.267
  -46.090   34.087
  -46.081   33.982
  -45.979   33.818
  -46.346   33.540
  -46.806   33.358
  -47.264   33.174
  -47.000   32.126
  -47.000   32.126
  -47.201   31.865
  -47.682   31.588
  -48.163   31.306
  -48.587   31.008
  -49.011   30.705
  -49.215   30.362
  -49.611   30.006
  -49.934   29.712
  -50.507   29.343
  -51.137   28.969
  -51.772   28.605
  -52.277   28.403
  -52.540   28.312
  -52.904   28.111
  -52.771   27.480
  -52.673   27.370
  -52.547   27.322
  -52.378   26.713
  -52.620   26.513
  -53.065   26.338
  -53.429   26.181
  -53.582   25.987
  -53.480   25.861
  -53.410   25.648
  -53.444   25.180
  -53.345   24.873
  -53.345   24.873
  -53.422   24.685
  -53.309   23.886
  -53.200   23.021
  -53.098   23.075
  -53.051   22.504
  -52.909   21.250
  -52.817   19.994
  -52.553   18.712
  -52.734   18.537
  -52.467   17.806
  -52.169   16.907
  -51.787   15.822
  -52.084   15.428
  -52.307   15.112
  -51.997   14.463
  -52.477   13.788
  -52.141   13.204
  -51.963   12.895
  -52.375   12.299
  -52.783   11.708
  -53.332   10.975
  -53.066   10.542
  -52.792    9.993
  -53.233    9.429
  -53.668    8.799
  -54.033    8.288
  -54.396    7.772
  -54.396    7.772
