AP
  -15.736  -75.916
  -16.330  -75.292
  -16.823  -74.609
  -17.373  -73.949
  -17.747  -73.400
  -18.257  -72.737
  -18.721  -72.266
  -19.298  -71.746
  -19.811  -71.487
  -20.249  -71.362
  -20.758  -71.323
  -21.262  -71.249
  -21.965  -71.307
  -21.965  -71.307
  -21.734  -70.683
  -21.500  -70.062
  -21.500  -69.114
  -21.500  -68.166
  -21.500  -67.655
  -21.500  -67.144
  -21.500  -66.634
  -21.500  -66.123
  -21.465  -65.427
  -21.427  -64.732
  -21.399  -64.139
  -21.368  -63.545
  -20.759  -63.360
  -20.150  -63.176
  -19.511  -63.286
  -18.872  -63.396
  -18.375  -63.617
  -17.878  -63.836
  -17.464  -63.856
  -17.402  -64.585
  -17.110  -65.419
  -16.729  -65.795
  -16.348  -66.171
  -15.714  -66.696
  -15.079  -67.218
  -14.527  -67.423
  -14.028  -68.008
  -13.527  -68.590
  -13.395  -69.046
  -13.261  -69.501
  -13.035  -70.125
  -12.807  -70.747
  -12.578  -71.392
  -12.348  -72.036
  -12.418  -72.655
  -12.486  -73.274
  -13.182  -73.850
  -13.876  -74.429
  -14.497  -74.922
  -15.117  -75.418
  -15.736  -75.916
  -15.736  -75.916
