ar
   24.382   65.028
   24.350   64.162
   24.285   63.366
   24.283   62.581
   24.087   61.955
   24.122   61.365
   24.177   60.870
   24.232   60.374
   24.311   59.603
   24.363   58.716
   24.443   57.832
   24.788   57.345
   25.552   57.121
   26.049   57.057
   26.545   56.992
   27.301   56.875
   27.369   56.423
   26.947   55.662
   26.668   54.728
   26.717   53.860
   27.121   53.241
   27.561   52.504
   27.957   51.912
   28.487   51.283
   29.072   50.998
   29.578   51.057
   30.103   50.453
   30.453   49.974
   30.802   49.492
   31.212   49.265
   31.621   49.036
   32.237   48.489
   32.308   48.170
   32.311   47.770
   32.448   47.411
   32.887   46.608
   33.391   45.918
   33.893   45.505
   34.591   45.000
   34.591   45.000
   35.025   44.836
   35.458   44.670
   36.015   44.515
   36.572   44.357
   37.098   44.020
   37.407   43.648
   37.685   43.176
   37.990   42.797
   38.213   42.289
   38.355   41.839
   38.616   41.236
   38.849   41.026
   39.080   41.002
   39.080   41.002
   38.857   40.624
   38.768   40.163
   38.497   39.402
   38.314   38.856
   38.121   38.365
   37.994   38.042
   37.834   37.682
   37.512   37.083
   37.398   36.789
   36.730   36.467
   36.260   36.389
   36.023   36.413
   36.023   36.413
   35.752   36.431
   35.285   36.396
   34.482   36.325
   34.096   36.024
   33.710   35.726
   33.233   35.648
   32.755   35.571
   32.004   35.470
   31.383   35.309
   30.703   35.142
   30.000   34.952
   30.000   34.952
   29.472   34.776
   28.943   34.601
   28.414   34.428
   27.885   34.257
   27.262   34.547
   26.808   34.875
   26.353   35.200
   25.919   35.546
   25.484   35.889
   25.055   36.066
   24.626   36.242
   24.133   36.407
   23.639   36.571
   23.226   37.042
   22.494   37.540
   21.843   37.825
   21.021   37.975
   20.389   38.075
   19.907   38.396
   19.448   38.826
   19.030   39.298
   19.030   39.298
   18.419   39.590
   17.949   39.987
   17.266   40.331
   16.785   40.251
   16.304   40.172
   15.772   39.671
   15.138   39.777
   14.719   40.026
   14.300   40.275
   13.742   40.614
   13.209   40.091
   12.600   40.507
   12.206   40.857
   11.811   41.206
   12.189   41.649
   11.577   42.033
   11.577   42.033
   11.795   42.841
   12.013   43.650
   12.008   44.049
   12.013   44.513
   12.022   44.780
   12.019   44.882
   12.012   44.913
   11.999   45.097
   11.998   45.281
   12.053   45.328
   12.018   45.428
   11.983   45.522
   12.073   45.602
   12.159   45.637
   12.152   45.650
   12.100   45.851
   12.058   46.110
   12.112   46.150
   12.172   46.198
   12.143   46.311
   12.088   46.429
   12.202   46.511
   12.292   46.579
   12.248   46.717
   12.211   46.849
   12.300   46.930
   12.403   46.992
   12.388   47.049
   12.359   47.130
   12.463   47.161
   12.430   47.319
   12.369   47.539
   12.441   47.587
   12.518   47.649
   12.492   47.788
   12.461   47.901
   12.581   47.991
   12.671   48.048
   12.641   48.142
   12.602   48.267
   12.573   48.349
   12.729   48.448
   12.691   48.567
   12.658   48.699
   12.770   48.803
   12.908   48.882
   12.853   49.071
   12.802   49.278
   12.897   49.349
   13.042   49.430
   13.008   49.472
   13.169   49.593
   13.313   49.680
   13.251   49.849
   13.168   50.061
   13.123   50.167
   13.229   50.252
   13.312   50.310
   13.273   50.429
   13.218   50.573
   13.362   50.661
   13.279   50.842
   13.192   51.079
   13.122   51.253
   13.272   51.343
   13.458   51.449
   13.667   51.570
   14.028   51.763
   14.353   51.940
   14.689   52.139
   14.662   52.299
   14.597   52.547
   14.562   52.667
   14.681   52.737
   14.622   52.907
   14.559   53.122
   14.538   53.211
   14.562   53.220
   14.512   53.358
   14.441   53.579
   14.361   53.818
   14.351   53.862
   14.489   53.929
   14.657   54.018
   14.772   54.069
   14.733   54.149
   14.710   54.193
   14.691   54.249
   14.681   54.287
   14.671   54.332
   14.640   54.387
   14.621   54.450
   14.760   54.511
   14.870   54.549
   14.801   54.731
   14.727   54.958
   14.712   55.047
   14.851   55.108
   14.789   55.278
   14.729   55.480
   14.681   55.631
   14.722   55.669
   14.692   55.822
   14.641   56.057
   14.621   56.179
   14.643   56.208
   14.623   56.265
   14.623   56.265
   14.660   57.002
   14.662   57.476
   14.599   57.984
   14.916   58.213
   14.646   58.589
   15.088   59.034
   14.895   59.410
   15.242   59.642
   15.572   59.909
   16.142   59.964
   16.713   60.020
   17.458   60.062
   18.240   60.215
   18.240   60.215
   18.798   60.456
   19.306   60.712
   19.813   60.970
   20.230   61.230
   20.644   61.492
   21.126   61.848
   21.425   62.096
   22.083   62.133
   22.385   62.502
   22.683   62.877
   23.201   63.631
   23.694   64.275
   24.038   64.651
   24.382   65.028
   24.382   65.028
