AS
   35.427   29.731
   35.728   29.389
   35.970   29.137
   36.361   28.789
   36.983   28.411
   37.269   28.255
   37.520   28.254
   37.757   28.278
   37.965   28.200
   38.227   27.954
   38.499   27.672
   38.876   27.138
   39.298   26.610
   39.529   26.256
   39.708   25.860
   40.156   25.416
   40.156   25.416
   40.092   24.931
   40.055   24.559
   39.918   24.002
   39.720   23.787
   39.287   23.463
   38.948   23.212
   38.599   22.955
   38.271   22.727
   38.355   22.164
   38.420   21.582
   38.439   21.097
   38.471   20.437
   38.115   20.282
   37.804   20.300
   37.804   20.300
   37.098   20.760
   36.629   21.327
   36.216   21.599
   35.933   21.893
   35.742   22.375
   35.437   22.866
   34.990   23.399
   34.628   23.874
   34.340   24.593
   34.249   25.577
   34.198   26.465
   34.335   27.227
   34.706   27.684
   34.870   28.050
   35.127   28.478
   35.312   28.779
   35.378   29.070
   35.425   29.345
   35.427   29.731
   35.427   29.731
