AT
   40.156   25.416
   39.708   25.860
   39.529   26.256
   39.298   26.610
   38.876   27.138
   38.499   27.672
   38.227   27.954
   37.965   28.200
   37.757   28.278
   37.520   28.254
   37.269   28.255
   36.983   28.411
   36.361   28.789
   35.970   29.137
   35.728   29.389
   35.427   29.731
   35.427   29.731
   35.154   30.221
   34.991   30.793
   34.826   31.256
   34.634   31.740
   34.487   32.172
   34.390   32.668
   34.290   33.101
   34.302   33.735
   34.505   34.054
   34.785   34.500
   35.091   34.900
   35.405   35.362
   35.689   35.791
   36.023   36.413
   36.023   36.413
   36.260   36.389
   36.730   36.467
   37.398   36.789
   37.512   37.083
   37.834   37.682
   37.994   38.042
   38.121   38.365
   38.314   38.856
   38.497   39.402
   38.768   40.163
   38.857   40.624
   39.080   41.002
   39.080   41.002
   39.392   40.449
   39.703   39.892
   39.909   39.268
   40.009   38.795
   40.269   38.021
   40.600   37.062
   40.849   36.169
   41.002   35.527
   41.123   34.832
   41.159   34.286
   41.023   33.405
   40.860   32.392
   40.679   31.482
   40.615   31.116
   40.601   30.774
   40.768   30.007
   40.686   29.030
   40.668   28.724
   40.618   27.987
   40.640   27.568
   40.789   27.256
   40.553   26.597
   40.325   26.010
   40.156   25.416
   40.156   25.416
