au
  -33.194   78.086
  -33.838   77.352
  -34.324   77.917
  -34.807   78.488
  -34.842   78.442
  -35.161   78.803
  -35.683   78.201
  -36.098   78.690
  -36.511   79.184
  -36.998   78.606
  -37.483   78.021
  -38.001   78.706
  -38.393   78.181
  -38.659   78.529
  -39.005   78.073
  -39.262   78.384
  -39.538   78.002
  -39.905   78.425
  -40.326   77.825
  -40.866   78.484
  -40.872   78.659
  -41.384   79.319
  -41.892   79.990
  -41.512   80.463
  -41.130   80.931
  -41.722   81.752
  -42.309   82.588
  -42.890   83.439
  -42.551   83.853
  -42.210   84.263
  -41.868   84.669
  -41.525   85.070
  -41.180   85.466
  -40.834   85.859
  -41.129   86.402
  -41.421   86.950
  -41.711   87.502
  -41.997   88.060
  -41.686   88.488
  -41.944   89.011
  -42.200   89.537
  -42.454   90.068
  -42.705   90.603
  -42.953   91.142
  -43.199   91.686
  -43.443   92.234
  -43.684   92.786
  -43.922   93.343
  -44.157   93.904
  -44.390   94.470
  -44.620   95.040
  -44.805   94.926
  -45.141   95.806
  -45.471   96.698
  -45.996   96.274
  -46.520   95.842
  -46.772   96.458
  -47.020   97.080
  -47.265   97.707
  -47.506   98.340
  -47.744   98.979
  -47.978   99.624
  -47.267  100.202
  -47.465  100.817
  -47.661  101.436
  -47.853  102.060
  -48.042  102.688
  -48.227  103.321
  -48.409  103.959
  -48.588  104.601
  -48.762  105.247
  -48.934  105.898
  -49.101  106.554
  -48.841  106.692
  -49.015  107.486
  -49.182  108.285
  -49.259  108.240
  -49.523  109.351
  -49.523  109.351
  -49.779  110.472
  -49.829  110.868
  -49.800  111.129
  -49.930  111.363
  -50.084  111.666
  -50.200  112.967
  -50.388  114.024
  -49.878  114.362
  -49.974  115.500
  -49.852  115.988
  -49.540  116.256
  -49.271  116.635
  -49.620  117.523
  -49.865  118.194
  -49.802  118.547
  -49.938  119.366
  -50.036  120.273
  -49.524  120.516
  -48.890  120.842
  -49.006  121.555
  -49.620  121.437
  -49.736  121.866
  -49.846  122.224
  -49.812  122.553
  -49.729  122.797
  -49.542  123.013
  -49.585  123.328
  -49.122  123.771
  -48.906  124.007
  -48.848  124.213
  -48.983  124.607
  -49.153  124.992
  -49.358  125.125
  -49.598  125.262
  -49.717  125.896
  -49.401  126.074
  -49.044  126.264
  -48.630  126.434
  -48.698  126.861
  -48.764  127.313
  -49.294  127.243
  -49.643  127.196
  -49.976  127.143
  -50.159  128.312
  -50.348  129.412
  -50.525  130.569
  -50.604  131.256
  -50.222  131.515
  -50.223  132.261
  -50.306  133.465
  -50.347  134.245
  -50.384  135.026
  -50.209  135.246
  -50.248  136.226
  -50.220  136.946
  -50.234  137.700
  -50.231  138.401
  -50.256  139.110
  -50.279  139.645
  -51.174  139.733
  -51.838  139.813
  -51.798  140.323
  -52.274  140.400
  -52.750  140.478
  -53.504  140.584
  -53.885  140.659
  -54.053  141.451
  -54.215  142.250
  -54.234  143.778
  -54.798  144.282
  -54.755  145.401
  -54.695  146.881
  -54.695  146.881
  -55.175  147.043
  -55.654  147.206
  -56.132  147.373
  -56.610  147.545
  -57.088  147.721
  -57.566  147.902
  -57.527  148.076
  -57.436  148.806
  -56.939  150.622
  -56.415  152.392
  -55.867  154.115
  -55.295  155.788
  -54.702  157.411
  -54.088  158.985
  -53.812  159.142
  -53.620  159.216
  -53.598  159.318
  -53.345  159.512
  -53.170  159.731
  -52.991  159.905
  -52.822  160.092
  -52.634  160.342
  -52.433  160.535
  -52.292  160.671
  -52.166  160.762
  -51.924  161.026
  -51.751  161.162
  -51.542  161.368
  -51.399  161.542
  -51.192  161.716
  -51.118  161.825
  -50.962  162.049
  -50.817  162.273
  -50.668  162.453
  -50.550  162.594
  -50.443  162.785
  -50.369  162.963
  -50.273  163.047
  -50.079  163.235
  -50.079  163.235
  -49.985  163.296
  -49.847  163.412
  -49.761  163.448
  -49.573  163.545
  -49.322  163.740
  -49.116  163.868
  -48.917  163.964
  -48.742  164.130
  -48.592  164.215
  -48.429  164.287
  -48.274  164.309
  -48.202  164.389
  -48.059  164.398
  -47.920  164.483
  -47.760  164.480
  -47.658  164.528
  -47.521  164.651
  -47.444  164.699
  -47.256  164.739
  -47.148  164.838
  -47.011  164.923
  -46.783  164.943
  -46.601  165.021
  -46.405  165.168
  -46.190  165.427
  -46.065  165.733
  -45.958  165.920
  -45.887  166.019
  -45.736  166.205
  -45.515  166.377
  -45.350  166.537
  -45.211  166.710
  -44.987  166.951
  -44.987  166.951
  -44.826  167.100
  -44.648  167.368
  -44.466  167.688
  -44.330  168.081
  -44.166  168.488
  -44.022  168.770
  -44.022  168.770
  -43.845  169.136
  -43.594  169.647
  -43.358  170.103
  -43.088  170.638
  -42.932  170.995
  -42.743  171.277
  -42.675  171.473
  -42.616  171.859
  -42.483  172.593
  -42.392  173.126
  -42.291  173.724
  -42.201  174.304
  -42.122  174.988
  -42.059  175.503
  -42.059  175.503
  -41.757  174.945
  -41.566  174.763
  -41.157  174.632
  -40.979  175.012
  -40.791  175.324
  -40.598  175.537
  -40.311  175.868
  -40.046  176.074
  -39.230  175.609
  -38.762  175.932
  -38.674  175.995
  -38.287  176.241
  -37.885  176.509
  -37.485  176.770
  -37.102  177.049
  -36.461  177.507
  -35.917  177.890
  -35.161  178.403
  -34.786  178.681
  -34.246  178.996
  -33.602  179.345
  -33.019  179.657
  -32.347  179.980
  -31.751 -179.740
  -31.333 -179.515
  -30.997 -179.393
  -30.355 -179.226
  -29.792 -179.074
  -29.498 -178.966
  -28.693 -178.713
  -27.985 -178.482
  -27.377 -178.248
  -26.767 -178.017
  -25.976 -177.793
  -25.197 -177.657
  -24.720 -177.552
  -24.242 -177.448
  -24.105 -177.419
  -24.105 -177.419
  -23.708 -177.250
  -23.414 -177.102
  -23.048 -176.913
  -22.735 -176.748
  -22.500 -176.709
  -22.286 -176.691
  -22.231 -176.635
  -22.007 -176.601
  -21.811 -176.520
  -21.601 -176.449
  -21.487 -176.405
  -21.301 -176.372
  -21.113 -176.322
  -21.000 -176.289
  -20.891 -176.264
  -20.796 -176.237
  -20.655 -176.190
  -20.494 -176.176
  -20.423 -176.159
  -20.265 -176.152
  -20.129 -176.116
  -20.106 -176.182
  -19.884 -176.122
  -19.814 -176.079
  -19.651 -176.027
  -19.387 -175.979
  -19.387 -175.979
  -19.217 -176.549
  -18.975 -176.570
  -18.836 -176.587
  -18.768 -176.584
  -18.686 -176.551
  -18.600 -176.511
  -18.472 -176.440
  -18.307 -176.346
  -18.267 -176.330
  -18.131 -176.297
  -18.055 -176.304
  -17.873 -176.403
  -17.731 -176.462
  -17.574 -176.532
  -17.399 -176.625
  -17.219 -176.713
  -17.034 -176.820
  -16.877 -176.921
  -16.725 -177.068
  -16.575 -177.201
  -16.437 -177.364
  -16.320 -177.513
  -16.177 -177.678
  -16.107 -177.664
  -16.024 -177.634
  -15.961 -177.575
  -15.899 -177.493
  -15.807 -177.384
  -15.710 -177.248
  -15.559 -177.130
  -15.559 -177.130
  -15.398 -177.691
  -15.325 -178.264
  -15.377 -178.812
  -15.527 -179.444
  -15.527 -179.444
  -15.542 -179.739
  -15.542 -179.739
  -15.654  179.890
  -15.678  179.614
  -15.729  179.332
  -15.812  178.936
  -15.897  178.562
  -15.897  178.562
  -15.984  178.524
  -16.092  178.491
  -16.104  178.402
  -16.110  178.283
  -16.115  178.171
  -16.148  178.086
  -16.172  178.007
  -16.222  177.876
  -16.227  177.806
  -16.229  177.721
  -16.224  177.588
  -16.212  177.400
  -16.302  177.345
  -16.300  177.414
  -16.510  177.412
  -16.506  177.269
  -16.504  177.190
  -16.505  177.130
  -16.516  177.035
  -16.523  176.949
  -16.544  176.883
  -16.545  176.790
  -16.553  176.671
  -16.557  176.545
  -16.569  176.377
  -16.552  176.184
  -16.552  176.184
  -16.670  176.179
  -16.816  176.148
  -16.965  176.106
  -17.090  176.065
  -17.239  176.036
  -17.541  175.986
  -17.804  175.973
  -17.823  176.336
  -18.038  176.342
  -18.140  176.300
  -18.242  176.244
  -18.319  176.215
  -18.611  176.212
  -18.732  176.136
  -18.895  176.061
  -19.022  175.975
  -19.080  175.922
  -19.162  175.900
  -19.327  175.885
  -19.445  175.839
  -19.547  175.772
  -19.755  175.559
  -19.977  175.574
  -20.189  175.590
  -20.189  175.590
  -20.629  175.828
  -21.166  176.121
  -21.422  175.733
  -21.750  175.231
  -22.170  174.584
  -22.488  174.034
  -22.488  174.034
  -22.835  173.606
  -22.834  173.212
  -23.007  173.040
  -23.069  172.783
  -23.178  172.439
  -23.178  172.439
  -23.177  172.361
  -23.171  172.278
  -23.176  172.197
  -23.173  172.060
  -23.155  171.950
  -23.149  171.854
  -23.146  171.703
  -23.127  171.620
  -23.110  171.496
  -23.091  171.385
  -23.072  171.288
  -23.030  171.162
  -23.000  171.037
  -22.968  170.939
  -22.949  170.842
  -22.917  170.745
  -22.884  170.660
  -22.827  170.547
  -22.759  170.420
  -22.702  170.321
  -22.644  170.221
  -22.587  170.109
  -22.516  170.036
  -22.445  169.950
  -22.350  169.835
  -22.230  169.719
  -22.124  169.577
  -22.052  169.491
  -21.980  169.419
  -21.909  169.320
  -21.823  169.288
  -21.725  169.215
  -21.640  169.143
  -21.506  169.054
  -21.420  168.996
  -21.261  168.879
  -21.102  168.776
  -21.016  168.705
  -20.893  168.645
  -20.782  168.585
  -20.646  168.512
  -20.474  168.396
  -20.325  168.335
  -20.201  168.263
  -20.090  168.191
  -20.003  168.160
  -19.893  168.075
  -19.769  168.003
  -19.632  167.943
  -19.533  167.886
  -19.372  167.812
  -19.236  167.727
  -19.048  167.680
  -18.886  167.607
  -18.712  167.521
  -18.611  167.504
  -18.485  167.486
  -18.360  167.455
  -18.247  167.424
  -18.147  167.394
  -18.022  167.350
  -17.922  167.320
  -17.759  167.275
  -17.634  167.245
  -17.521  167.215
  -17.395  167.171
  -17.307  167.155
  -17.209  167.059
  -17.098  166.950
  -16.987  166.868
  -16.836  166.810
  -16.737  166.728
  -16.625  166.659
  -16.538  166.604
  -16.438  166.562
  -16.300  166.506
  -16.187  166.450
  -16.087  166.395
  -15.975  166.340
  -15.887  166.285
  -15.799  166.270
  -15.674  166.227
  -15.560  166.225
  -15.434  166.209
  -15.345  166.193
  -15.244  166.217
  -15.130  166.228
  -15.041  166.213
  -14.889  166.262
  -14.686  166.271
  -14.559  166.268
  -14.421  166.252
  -14.345  166.250
  -14.181  166.234
  -13.991  166.204
  -13.828  166.161
  -13.779  166.154
  -13.779  166.154
  -13.676  166.132
  -13.513  166.090
  -13.261  166.020
  -13.072  165.952
  -12.870  165.909
  -12.744  165.894
  -12.517  165.838
  -12.316  165.770
  -12.127  165.715
  -11.887  165.621
  -11.686  165.514
  -11.549  165.396
  -11.411  165.252
  -11.287  165.070
  -11.200  164.901
  -11.164  164.758
  -11.114  164.641
  -11.090  164.512
  -11.091  164.409
  -11.118  164.267
  -11.144  164.151
  -11.158  163.996
  -11.185  163.854
  -11.199  163.699
  -11.238  163.505
  -11.265  163.311
  -11.291  163.195
  -11.311  163.053
  -11.356  162.833
  -11.382  162.626
  -11.421  162.484
  -11.421  162.354
  -11.422  162.225
  -11.434  162.109
  -11.422  162.018
  -11.397  161.901
  -11.359  161.798
  -11.321  161.720
  -11.283  161.552
  -11.245  161.461
  -11.232  161.384
  -11.194  161.306
  -11.168  161.202
  -11.130  161.125
  -11.054  161.060
  -11.029  160.996
  -10.965  160.931
  -10.914  160.867
  -10.838  160.776
  -10.787  160.725
  -10.723  160.622
  -10.672  160.544
  -10.634  160.493
  -10.570  160.364
  -10.519  160.287
  -10.468  160.210
  -10.417  160.132
  -10.379  160.068
  -10.315  159.978
  -10.277  159.914
  -10.251  159.837
  -10.200  159.772
  -10.174  159.708
  -10.123  159.644
  -10.084  159.580
  -10.021  159.503
   -9.969  159.439
   -9.931  159.362
   -9.880  159.285
   -9.829  159.221
   -9.765  159.170
   -9.726  159.119
   -9.688  159.068
   -9.650  159.003
   -9.624  158.926
   -9.585  158.850
   -9.559  158.773
   -9.546  158.709
   -9.507  158.580
   -9.481  158.478
   -9.442  158.388
   -9.390  158.273
   -9.313  158.145
   -9.249  158.056
   -9.210  157.992
   -9.159  157.916
   -9.107  157.827
   -9.068  157.724
   -9.004  157.648
   -8.965  157.572
   -8.900  157.419
   -8.823  157.317
   -8.784  157.241
   -8.746  157.177
   -8.706  157.049
   -8.642  156.935
   -8.615  156.858
   -8.602  156.782
   -8.563  156.706
   -8.382  156.467
   -8.174  156.296
   -8.174  156.296
   -8.385  156.331
   -8.598  156.361
   -8.809  156.390
   -9.179  156.428
   -9.206  156.350
   -9.225  156.258
   -9.268  156.101
   -9.381  156.124
   -9.405  156.066
   -9.538  156.086
   -9.558  155.989
   -9.548  155.979
   -9.555  155.908
   -9.572  155.813
   -9.526  155.797
   -9.548  155.708
   -9.581  155.599
   -9.531  155.577
   -9.568  155.473
   -9.493  155.436
   -9.532  155.347
   -9.556  155.291
   -9.621  155.172
   -9.730  155.172
   -9.795  155.070
   -9.835  154.951
   -9.839  154.856
   -9.723  154.849
   -9.763  154.719
   -9.811  154.596
   -9.872  154.379
   -9.913  154.218
  -10.279  154.219
  -10.323  154.169
  -10.331  154.125
  -10.341  154.010
  -10.325  153.847
  -10.345  153.752
  -10.355  153.552
  -10.398  153.362
  -10.398  153.174
  -10.384  152.855
  -10.088  152.849
  -10.078  152.651
  -10.056  152.547
  -10.047  152.413
  -10.039  152.223
   -9.945  152.214
   -9.944  152.086
   -9.942  152.024
   -9.930  151.918
   -9.906  151.838
   -9.761  151.834
   -9.760  151.654
   -9.760  151.654
   -9.676  151.545
   -9.681  151.005
   -9.687  150.466
   -9.945  150.245
   -9.801  149.676
   -9.353  149.133
   -9.570  148.751
   -9.212  148.207
   -8.886  147.539
   -8.598  146.954
   -8.598  146.954
   -8.410  146.918
   -8.103  146.398
   -7.661  145.666
   -7.374  145.249
   -7.023  144.740
   -6.813  144.136
   -6.558  143.569
   -6.295  142.956
   -5.986  142.231
   -5.727  141.483
   -5.145  140.847
   -5.110  140.798
   -5.110  140.798
   -4.931  140.264
   -4.751  139.731
   -4.548  138.959
   -4.442  138.484
   -4.337  138.010
   -4.221  137.177
   -4.199  136.672
   -4.177  136.167
   -4.218  135.459
   -4.298  134.966
   -4.298  134.966
   -4.437  134.488
   -4.812  133.906
   -4.812  133.906
   -5.344  133.449
   -5.641  133.982
   -6.348  133.686
   -6.515  133.188
   -6.681  132.689
   -6.681  132.689
   -6.989  132.431
   -7.661  131.867
   -8.267  131.415
   -8.267  131.415
   -8.562  130.933
   -8.726  130.540
   -8.926  129.861
   -9.020  129.106
   -9.095  128.376
   -9.133  127.900
   -9.221  127.430
   -9.390  126.853
   -9.596  126.333
   -9.784  125.869
   -9.984  125.482
  -10.159  125.159
  -10.390  124.734
  -10.708  123.960
  -10.995  123.217
  -11.188  122.627
  -11.412  121.783
  -11.493  121.110
  -11.492  120.886
  -11.492  120.886
  -11.524  120.451
  -11.462  119.841
  -11.393  119.270
  -11.362  118.750
  -11.387  118.236
  -11.337  117.576
  -11.331  116.853
  -11.275  116.174
  -11.219  115.571
  -11.150  115.013
  -11.088  114.410
  -10.964  113.756
  -10.870  113.204
  -10.758  112.563
  -10.652  112.170
  -10.577  111.523
  -10.477  111.015
  -10.477  110.615
  -10.440  110.159
  -10.371  109.626
  -10.328  109.067
  -10.178  108.363
  -10.053  107.836
   -9.890  107.379
   -9.665  106.827
   -9.371  106.345
   -9.240  106.123
   -8.926  105.590
   -8.569  104.981
   -8.167  104.576
   -8.167  104.576
   -7.863  103.763
   -7.621  103.183
   -7.197  102.452
   -7.955  101.862
   -8.719  101.263
   -9.490  100.657
  -10.266  100.042
  -11.048   99.419
  -11.834   98.789
  -12.624   98.150
  -13.418   97.503
  -14.215   96.847
  -15.014   96.184
  -15.815   95.513
  -16.617   94.834
  -17.419   94.146
  -18.221   93.451
  -19.022   92.748
  -19.822   92.038
  -20.619   91.319
  -21.413   90.593
  -22.204   89.860
  -22.990   89.119
  -23.771   88.372
  -24.546   87.617
  -25.315   86.855
  -26.077   86.087
  -26.832   85.312
  -27.578   84.531
  -28.316   83.744
  -29.044   82.951
  -29.763   82.153
  -30.472   81.349
  -31.169   80.540
  -31.856   79.726
  -32.531   78.908
  -33.194   78.086
