BH
    1.059  129.197
    1.623  128.752
    1.974  128.187
    2.290  128.081
    2.319  127.446
    2.346  126.872
    2.346  126.872
    1.706  126.426
    1.706  126.426
    1.001  126.144
    0.190  125.969
   -0.278  125.969
   -0.278  125.969
   -0.648  126.393
   -1.018  126.817
   -1.388  127.241
   -1.758  127.666
   -1.758  127.666
   -2.286  128.383
   -2.286  128.383
   -2.416  129.258
   -2.519  130.107
   -2.694  130.585
   -2.868  131.063
   -3.149  131.489
   -3.429  131.915
   -3.935  132.316
   -4.440  132.717
   -4.440  132.717
   -4.626  133.311
   -4.812  133.906
   -4.812  133.906
   -4.437  134.488
   -4.298  134.966
   -4.298  134.966
   -3.849  135.262
   -3.403  135.771
   -3.100  136.167
   -2.796  136.562
   -2.493  136.931
   -2.295  137.282
   -2.080  137.634
   -1.900  138.003
   -1.754  138.488
   -1.607  138.972
   -1.607  138.972
   -1.159  138.793
   -1.159  138.793
   -0.820  138.674
   -0.718  138.054
   -0.616  137.435
   -0.422  136.943
   -0.228  136.451
   -0.023  135.656
    0.421  134.938
    0.259  134.471
    0.057  133.899
   -0.146  133.327
   -0.043  132.824
    0.017  132.515
    0.017  132.515
    0.034  132.373
    0.150  131.738
    0.266  131.102
    0.475  130.546
    0.684  129.989
    1.059  129.197
    1.059  129.197
