BR
  -13.411  172.571
  -13.693  172.740
  -13.965  172.881
  -14.294  173.019
  -14.510  173.139
  -14.669  173.178
  -14.770  173.210
  -14.897  173.259
  -14.992  173.294
  -15.081  173.320
  -15.154  173.346
  -15.234  173.359
  -15.361  173.388
  -15.437  173.428
  -15.504  173.464
  -15.567  173.516
  -15.605  173.539
  -15.697  173.555
  -15.779  173.400
  -15.922  173.485
  -16.027  173.531
  -16.151  173.567
  -16.259  173.455
  -16.497  173.593
  -16.614  173.669
  -16.713  173.718
  -16.798  173.788
  -16.849  173.901
  -16.849  173.901
  -16.563  174.503
  -16.873  174.885
  -16.748  175.107
  -16.741  175.226
  -16.629  175.381
  -16.622  175.487
  -16.586  175.612
  -16.558  175.893
  -16.552  176.184
  -16.552  176.184
  -16.569  176.377
  -16.557  176.545
  -16.553  176.671
  -16.545  176.790
  -16.544  176.883
  -16.523  176.949
  -16.516  177.035
  -16.505  177.130
  -16.504  177.190
  -16.506  177.269
  -16.510  177.412
  -16.300  177.414
  -16.302  177.345
  -16.212  177.400
  -16.224  177.588
  -16.229  177.721
  -16.227  177.806
  -16.222  177.876
  -16.172  178.007
  -16.148  178.086
  -16.115  178.171
  -16.110  178.283
  -16.104  178.402
  -16.092  178.491
  -15.984  178.524
  -15.897  178.562
  -15.897  178.562
  -15.812  178.936
  -15.729  179.332
  -15.678  179.614
  -15.654  179.890
  -15.542 -179.739
  -15.542 -179.739
  -15.218  179.790
  -14.975  179.389
  -14.784  179.012
  -14.501  178.469
  -14.309  178.029
  -14.055  177.417
  -14.055  177.417
  -13.948  177.167
  -13.853  176.966
  -13.731  176.618
  -13.672  176.256
  -13.643  176.021
  -13.422  175.947
  -13.326  175.659
  -13.244  175.314
  -13.335  174.898
  -13.395  174.784
  -13.415  174.661
  -13.396  174.482
  -13.295  173.941
  -13.517  173.671
  -13.489  173.049
  -13.411  172.571
  -13.411  172.571
