BS
   -3.719  127.325
   -4.188  126.963
   -4.471  126.432
   -4.754  125.901
   -4.789  125.282
   -4.824  124.662
   -4.701  124.060
   -4.576  123.458
   -3.941  123.706
   -3.094  123.672
   -2.846  123.424
   -2.598  122.823
   -2.350  122.223
   -2.154  121.728
   -1.959  121.234
   -1.710  120.811
   -1.461  120.388
   -0.859  119.896
   -0.081  119.475
   -0.081  119.475
   -0.680  119.296
   -1.491  119.045
   -1.950  118.884
   -2.408  118.723
   -3.255  118.578
   -3.610  118.823
   -3.610  118.823
   -3.966  119.565
   -4.303  119.953
   -4.640  120.341
   -5.276  120.516
   -6.122  120.620
   -6.968  120.546
   -7.812  120.543
   -7.812  120.543
   -7.990  121.253
   -8.062  121.891
   -7.853  122.673
   -7.784  123.383
   -7.784  124.235
   -7.644  124.750
   -7.503  125.264
   -7.433  125.761
   -7.309  126.258
   -7.185  126.755
   -7.184  127.393
   -6.990  127.854
   -6.795  128.315
   -6.565  128.776
   -6.334  129.236
   -6.526  129.839
   -6.717  130.443
   -6.680  131.010
   -6.642  131.577
   -6.662  132.133
   -6.681  132.689
   -6.681  132.689
   -6.515  133.188
   -6.348  133.686
   -5.641  133.982
   -5.344  133.449
   -4.812  133.906
   -4.812  133.906
   -4.626  133.311
   -4.440  132.717
   -4.440  132.717
   -3.935  132.316
   -3.429  131.915
   -3.149  131.489
   -2.868  131.063
   -2.694  130.585
   -2.519  130.107
   -2.416  129.258
   -2.286  128.383
   -2.286  128.383
   -1.758  127.666
   -1.758  127.666
   -2.447  127.667
   -3.163  127.510
   -3.719  127.325
   -3.719  127.325
