BU
   14.400   96.480
   14.909   96.454
   15.136   96.406
   15.136   96.406
   15.534   95.912
   15.813   95.095
   15.770   94.209
   15.562   93.788
   15.353   93.368
   14.869   92.941
   14.384   92.517
   13.715   92.068
   13.715   92.068
   13.154   91.889
   12.283   91.700
   11.791   91.643
   11.300   91.591
   10.514   91.576
   10.056   91.559
    9.604   91.533
    9.130   91.596
    8.656   91.651
    8.160   91.781
    7.663   91.903
    6.948   92.278
    6.948   92.278
    6.333   92.376
    5.702   92.537
    5.005   92.665
    4.384   92.903
    3.716   93.227
    3.048   93.754
    2.457   94.405
    2.104   94.979
    2.104   94.979
    1.882   95.542
    1.487   96.089
    1.345   96.202
    1.345   96.202
    1.763   96.743
    2.185   96.783
    2.979   96.697
    3.772   96.601
    4.644   96.567
    5.114   96.013
    5.715   95.435
    6.259   94.950
    6.837   94.498
    7.139   94.883
    7.603   94.460
    7.847   94.775
    8.312   94.429
    8.686   94.171
    9.019   93.986
    9.270   94.415
    9.717   94.216
   10.170   94.024
   10.679   94.415
   11.188   94.807
   12.053   95.155
   12.918   95.505
   13.783   95.857
   14.129   96.503
   14.400   96.480
   14.400   96.480
