ca
   18.959  -61.553
   19.275  -62.176
   19.574  -62.847
   19.692  -63.360
   19.724  -63.760
   19.779  -64.344
   19.833  -65.129
   19.829  -65.694
   19.825  -66.259
   19.754  -67.040
   19.721  -67.531
   19.687  -68.022
   19.589  -68.853
   19.696  -69.415
   19.802  -69.978
   20.002  -70.626
   20.201  -71.277
   20.267  -71.804
   20.331  -72.332
   20.291  -73.239
   20.166  -73.994
   20.037  -74.749
   19.990  -75.239
   19.942  -75.729
   19.845  -76.356
   19.747  -76.983
   19.623  -77.673
   19.497  -78.361
   19.381  -79.011
   19.264  -79.660
   19.160  -80.210
   19.054  -80.758
   18.960  -81.256
   18.865  -81.754
   18.333  -81.689
   17.802  -81.625
   17.691  -82.244
   17.626  -82.865
   17.481  -83.706
   17.344  -84.248
   17.107  -84.910
   16.911  -85.671
   16.695  -86.320
   16.476  -86.966
   16.251  -87.723
   15.958  -88.351
   15.622  -88.876
   15.215  -89.372
   14.815  -89.718
   14.392  -90.037
   13.917  -90.426
   13.394  -90.810
   12.584  -90.898
   12.584  -90.898
   12.543  -90.293
   12.295  -89.619
   11.999  -88.920
   11.697  -88.319
   11.397  -87.890
   11.096  -87.462
   10.547  -86.975
   10.235  -86.648
   10.235  -86.648
   10.388  -86.248
   10.489  -85.969
   10.567  -85.716
   10.627  -85.435
   10.653  -85.124
   10.593  -84.746
   10.537  -84.424
   10.448  -84.073
   10.321  -83.782
   10.209  -83.465
   10.053  -83.209
    9.873  -83.021
    9.770  -82.802
    9.599  -82.525
    9.509  -82.313
    9.440  -82.080
    9.444  -81.654
    9.587  -81.469
    9.778  -81.306
    9.935  -81.079
   10.058  -80.879
   10.058  -80.879
   10.154  -80.636
   10.271  -80.365
   10.305  -80.105
   10.389  -79.748
   10.431  -79.432
   10.415  -79.234
   10.479  -79.151
   10.579  -78.970
   10.653  -78.746
   10.639  -78.427
   10.615  -78.229
   10.547  -78.129
   10.432  -77.922
   10.270  -77.679
   10.098  -77.499
    9.900  -77.291
    9.631  -77.083
    9.376  -76.924
    9.065  -76.765
    8.731  -76.684
    8.731  -76.684
    9.017  -76.701
    9.379  -76.706
    9.761  -76.703
   10.090  -76.594
   10.329  -76.456
   10.574  -76.275
   10.765  -76.064
   11.087  -75.905
   11.390  -75.631
   11.595  -75.370
   11.764  -75.123
   11.914  -74.796
   12.021  -74.476
   12.224  -74.307
   12.386  -74.058
   12.743  -73.874
   13.058  -73.632
   13.290  -73.303
   13.367  -72.916
   13.410  -72.428
   13.465  -71.840
   13.503  -71.195
   13.438  -70.953
   13.310  -70.659
   13.310  -70.659
   13.162  -70.496
   12.930  -70.183
   12.668  -69.863
   12.450  -69.594
   12.175  -69.348
   11.844  -69.024
   11.513  -68.730
   11.174  -68.379
   10.815  -68.087
   10.499  -67.961
   10.499  -67.961
   10.592  -67.499
   10.667  -66.870
   10.662  -66.437
   10.653  -65.964
   10.615  -65.526
   10.600  -65.121
   10.539  -64.997
   10.474  -64.508
   10.519  -64.210
   10.532  -63.878
   10.532  -63.878
   10.509  -63.233
   10.482  -62.641
   10.459  -62.158
   10.427  -61.542
   10.395  -60.927
   10.345  -60.457
   10.295  -59.988
   10.220  -59.121
   10.190  -58.639
   10.160  -58.157
   10.160  -58.157
   10.634  -57.762
   11.144  -57.533
   11.661  -57.424
   12.427  -57.468
   13.102  -57.568
   13.874  -57.711
   14.499  -57.791
   14.864  -57.913
   15.150  -58.288
   15.284  -58.526
   15.412  -58.666
   15.770  -58.692
   15.991  -58.801
   16.397  -58.824
   16.912  -59.088
   17.243  -59.465
   17.548  -59.819
   17.823  -60.051
   18.191  -60.278
   18.513  -60.534
   18.595  -60.729
   18.889  -60.912
   18.959  -61.553
   18.959  -61.553
