CL
    9.379  138.359
    9.196  138.309
    8.534  137.982
    7.871  137.529
    7.620  137.144
    7.368  136.759
    6.989  136.183
    6.895  135.415
    6.990  134.521
    6.990  134.521
    6.610  134.269
    6.333  133.989
    6.156  133.674
    5.962  133.429
    5.734  133.308
    5.349  133.240
    5.016  133.189
    4.788  133.032
    4.454  132.911
    4.120  132.790
    3.698  132.740
    3.312  132.795
    2.908  132.850
    2.539  132.817
    2.257  132.766
    1.728  132.734
    1.165  132.720
    0.812  132.651
    0.017  132.515
    0.017  132.515
   -0.043  132.824
   -0.146  133.327
    0.057  133.899
    0.259  134.471
    0.421  134.938
   -0.023  135.656
   -0.228  136.451
   -0.422  136.943
   -0.616  137.435
   -0.718  138.054
   -0.820  138.674
   -1.159  138.793
   -1.159  138.793
   -1.390  139.257
   -1.557  139.805
   -1.767  140.226
   -1.893  140.837
   -2.167  141.195
   -2.272  141.594
   -2.398  141.868
   -2.693  142.246
   -2.693  142.246
   -2.462  142.394
   -1.916  142.626
   -1.454  142.922
   -1.160  143.260
   -0.951  143.808
   -0.742  144.357
   -0.534  145.033
   -0.473  145.497
   -0.349  145.919
   -0.290  146.595
   -0.294  147.059
   -0.275  147.354
   -0.426  147.859
   -0.409  148.344
   -0.392  148.724
   -0.457  148.913
   -0.650  149.270
   -0.650  149.270
   -0.397  149.251
   -0.143  149.191
    0.406  149.112
    0.937  148.863
    1.487  148.700
    2.058  148.684
    2.629  148.668
    3.137  148.694
    3.776  148.191
    4.393  147.772
    4.765  147.425
    5.138  147.078
    5.511  146.730
    5.883  146.382
    6.160  146.001
    6.353  145.471
    6.503  145.067
    6.611  144.664
    6.677  144.026
    6.805  143.558
    7.166  143.070
    7.388  142.666
    7.611  142.262
    8.118  141.517
    8.393  141.048
    8.666  140.579
    8.866  139.886
    9.065  139.192
    9.379  138.359
    9.379  138.359
