co
   10.235  -86.648
   10.547  -86.975
   11.096  -87.462
   11.397  -87.890
   11.697  -88.319
   11.999  -88.920
   12.295  -89.619
   12.543  -90.293
   12.584  -90.898
   12.584  -90.898
   12.832  -91.308
   13.080  -91.719
   13.271  -92.063
   13.223  -92.272
   13.498  -92.599
   13.722  -92.962
   13.793  -93.309
   14.016  -93.656
   14.222  -94.055
   14.479  -94.542
   14.700  -94.873
   14.887  -95.117
   15.090  -95.466
   15.277  -95.799
   15.361  -96.219
   15.360  -96.727
   15.358  -97.217
   15.508  -97.691
   15.640  -98.166
   15.771  -98.588
   15.919  -99.028
   16.134  -99.435
   16.298  -99.806
   16.442 -100.336
   16.636 -100.867
   17.026 -101.703
   17.280 -102.432
   17.616 -103.200
   17.920 -103.792
   18.138 -104.191
   18.209 -104.406
   18.368 -104.725
   18.622 -105.043
   18.762 -105.247
   18.762 -105.247
   18.551 -105.352
   18.355 -105.442
   18.140 -105.510
   17.881 -105.586
   17.881 -105.586
   17.768 -105.399
   17.031 -105.367
   16.261 -105.398
   15.558 -105.357
   15.108 -105.320
   15.274 -104.690
   14.672 -104.563
   14.070 -104.437
   13.328 -104.181
   12.587 -103.927
   11.890 -103.772
   11.872 -103.875
   11.405 -103.807
   10.937 -103.739
   10.275 -103.628
   10.123 -103.598
   10.017 -104.296
    9.175 -104.296
    8.456 -104.258
    8.340 -104.229
    8.370 -103.595
    8.400 -102.961
    7.791 -102.810
    7.182 -102.659
    6.355 -102.558
    5.529 -102.457
    4.653 -102.320
    3.778 -102.184
    3.751 -102.259
    3.458 -102.199
    3.239 -102.219
    3.239 -102.219
    3.072 -102.193
    2.889 -102.145
    2.893 -102.118
    2.798 -102.096
    2.786 -102.109
    2.635 -102.068
    2.635 -102.068
    2.642 -101.878
    2.640 -101.697
    2.605 -101.490
    2.232 -101.512
    2.232 -101.512
    2.241 -101.203
    2.199 -101.196
    2.210 -101.067
    2.204 -100.644
    2.207 -100.394
    2.207 -100.066
    2.300 -100.047
    2.272  -99.913
    2.273  -99.811
    2.269  -99.739
    2.269  -99.739
    2.190  -99.657
    2.112  -98.918
    2.213  -98.889
    2.145  -98.367
    2.077  -97.846
    2.088  -97.551
    1.898  -97.585
    1.886  -96.880
    1.873  -96.175
    2.238  -96.120
    2.222  -95.224
    2.507  -95.198
    2.440  -94.404
    2.372  -93.611
    2.300  -92.928
    2.227  -92.245
    2.200  -92.090
    1.990  -92.118
    2.011  -91.538
    1.817  -91.561
    1.736  -90.697
    1.120  -90.663
    1.073  -89.784
    1.025  -88.904
    0.977  -88.025
    0.929  -87.145
    0.880  -86.266
    0.832  -85.386
    1.644  -85.349
    1.598  -84.576
    2.066  -84.571
    2.534  -84.567
    3.112  -84.467
    3.139  -83.922
    3.165  -83.378
    3.118  -82.806
    3.595  -82.875
    4.072  -82.875
    4.563  -82.875
    5.054  -82.875
    5.833  -82.875
    6.562  -82.875
    7.118  -82.875
    7.366  -82.875
    7.366  -82.875
    7.592  -83.074
    7.849  -83.233
    7.928  -83.360
    8.044  -83.605
    8.182  -83.838
    8.300  -84.007
    8.474  -84.158
    8.637  -84.419
    8.772  -84.686
    8.937  -85.044
    9.089  -85.380
    9.203  -85.612
    9.423  -85.910
    9.684  -86.204
    9.938  -86.449
   10.235  -86.648
   10.235  -86.648
