CR
  -16.849  173.901
  -17.163  173.880
  -17.490  173.744
  -17.680  173.660
  -17.962  173.550
  -18.238  173.409
  -18.532  173.251
  -18.520  173.425
  -18.774  173.447
  -18.999  173.453
  -19.221  173.439
  -19.430  173.429
  -19.662  173.398
  -19.890  173.360
  -20.086  173.335
  -20.377  173.351
  -20.625  173.384
  -20.837  173.380
  -20.995  173.383
  -21.140  173.379
  -21.148  174.119
  -21.357  174.115
  -21.578  174.112
  -21.841  174.090
  -22.236  174.056
  -22.488  174.034
  -22.488  174.034
  -22.170  174.584
  -21.750  175.231
  -21.422  175.733
  -21.166  176.121
  -20.629  175.828
  -20.189  175.590
  -20.189  175.590
  -19.977  175.574
  -19.755  175.559
  -19.547  175.772
  -19.445  175.839
  -19.327  175.885
  -19.162  175.900
  -19.080  175.922
  -19.022  175.975
  -18.895  176.061
  -18.732  176.136
  -18.611  176.212
  -18.319  176.215
  -18.242  176.244
  -18.140  176.300
  -18.038  176.342
  -17.823  176.336
  -17.804  175.973
  -17.541  175.986
  -17.239  176.036
  -17.090  176.065
  -16.965  176.106
  -16.816  176.148
  -16.670  176.179
  -16.552  176.184
  -16.552  176.184
  -16.558  175.893
  -16.586  175.612
  -16.622  175.487
  -16.629  175.381
  -16.741  175.226
  -16.748  175.107
  -16.873  174.885
  -16.563  174.503
  -16.849  173.901
  -16.849  173.901
