EA
  -22.114 -114.421
  -22.196 -114.505
  -22.543 -114.498
  -23.024 -114.567
  -23.040 -114.875
  -23.179 -114.962
  -23.237 -115.183
  -23.398 -115.254
  -23.468 -115.599
  -23.884 -115.424
  -24.017 -115.402
  -24.105 -115.482
  -24.242 -115.912
  -24.383 -115.968
  -24.458 -116.184
  -24.556 -116.225
  -24.848 -116.099
  -25.172 -116.490
  -25.416 -116.353
  -25.674 -116.028
  -25.968 -115.769
  -26.243 -115.518
  -26.466 -115.291
  -26.604 -115.105
  -26.725 -114.526
  -26.790 -113.944
  -26.809 -113.608
  -26.830 -112.976
  -26.830 -112.976
  -26.724 -112.947
  -26.801 -112.684
  -26.554 -112.658
  -26.282 -112.683
  -26.038 -112.672
  -25.934 -112.620
  -25.926 -112.550
  -25.787 -112.541
  -25.786 -112.455
  -25.683 -112.437
  -25.664 -112.364
  -25.564 -112.366
  -25.429 -112.388
  -25.198 -112.443
  -25.059 -112.453
  -25.027 -111.978
  -24.891 -111.977
  -24.659 -112.048
  -24.448 -112.103
  -24.222 -112.123
  -24.110 -112.098
  -24.032 -111.713
  -23.860 -111.763
  -23.727 -111.832
  -23.475 -111.864
  -23.327 -111.871
  -23.209 -111.741
  -23.016 -111.924
  -22.821 -112.208
  -22.619 -112.575
  -22.407 -112.934
  -22.223 -113.280
  -22.126 -113.610
  -22.102 -113.906
  -22.106 -114.125
  -22.114 -114.421
  -22.114 -114.421
