eu
   39.400  -29.770
   39.315  -29.335
   39.255  -29.297
   39.250  -29.260
   39.279  -29.188
   39.294  -29.147
   39.323  -29.090
   39.338  -29.049
   39.366  -28.982
   39.379  -28.951
   39.412  -28.895
   39.373  -28.853
   39.299  -28.781
   39.263  -28.745
   39.214  -28.686
   39.179  -28.666
   39.121  -28.619
   39.130  -28.567
   39.156  -28.484
   39.134  -28.452
   39.093  -28.420
   39.058  -28.395
   39.020  -28.365
   38.993  -28.342
   38.939  -28.292
   38.952  -28.215
   38.968  -28.120
   38.983  -28.059
   39.004  -27.955
   39.000  -27.793
   38.942  -27.722
   38.914  -27.680
   38.864  -27.606
   38.836  -27.559
   38.782  -27.484
   38.780  -27.239
   38.700  -27.203
   38.666  -27.174
   38.607  -27.129
   38.571  -27.090
   38.491  -27.029
   38.464  -27.007
   38.400  -26.941
   38.360  -26.901
   38.278  -26.830
   38.420  -26.718
   38.358  -26.647
   38.324  -26.614
   38.255  -26.532
   38.222  -26.494
   38.149  -26.417
   38.116  -26.379
   38.047  -26.302
   38.036  -26.171
   37.965  -26.075
   37.935  -26.043
   37.839  -25.916
   37.878  -25.808
   37.816  -25.734
   37.790  -25.698
   37.722  -25.633
   37.818  -25.538
   37.752  -25.464
   37.718  -25.427
   37.663  -25.355
   37.769  -25.267
   37.646  -25.101
   37.644  -24.983
   37.609  -24.931
   37.584  -24.892
   37.552  -24.845
   37.533  -24.816
   37.500  -24.775
   37.467  -24.733
   37.411  -24.667
   37.352  -24.702
   37.273  -24.738
   37.217  -24.750
   37.127  -24.680
   37.095  -24.634
   37.017  -24.554
   36.971  -24.500
   36.910  -24.434
   36.863  -24.385
   36.792  -24.311
   36.781  -24.255
   36.788  -24.146
   36.755  -24.046
   36.646  -23.570
   36.702  -22.893
   36.754  -22.216
   36.820  -21.507
   36.881  -20.797
   36.954  -20.240
   37.025  -19.682
   37.307  -18.618
   37.466  -18.124
   37.503  -17.584
   37.435  -16.742
   37.297  -15.841
   37.212  -15.386
   37.021  -15.143
   37.210  -14.411
   37.395  -13.675
   36.864  -12.903
   36.328  -12.142
   35.851  -11.585
   36.098  -10.923
   36.392  -10.429
   36.651   -9.977
   36.430   -9.545
   36.051   -8.785
   35.667   -8.031
   35.273   -7.193
   35.063   -6.730
   34.784   -6.064
   34.517   -6.040
   34.263   -6.000
   34.019   -5.808
   33.985   -5.397
   34.078   -5.072
   34.068   -4.706
   34.199   -4.056
   35.014   -3.782
   35.596   -3.749
   35.858   -3.296
   36.018   -2.893
   36.105   -2.573
   35.898   -1.992
   35.771   -1.516
   35.776   -0.748
   35.904    0.003
   36.072    0.667
   36.282    1.245
   36.503    1.970
   36.594    2.380
   36.851    3.454
   36.969    4.297
   37.082    5.142
   37.154    5.974
   37.322    6.784
   37.322    6.784
   37.320    7.215
   37.358    7.805
   37.468    8.265
   37.790    8.627
   38.212    8.942
   38.341    9.264
   38.470    9.700
   38.572   10.089
   38.685   10.373
   38.685   10.373
   38.821   10.609
   38.994   10.827
   39.067   11.118
   39.075   11.363
   39.033   11.659
   38.934   11.778
   38.878   12.057
   38.849   12.434
   38.600   12.708
   38.611   13.314
   38.625   13.812
   38.695   14.114
   38.765   14.514
   38.765   14.514
   38.292   15.175
   38.401   15.499
   38.299   15.639
   38.114   15.551
   37.886   15.421
   37.615   15.344
   37.340   15.375
   37.340   15.375
   37.274   15.832
   37.309   16.236
   37.398   16.824
   37.503   17.168
   37.701   17.419
   37.993   17.612
   38.285   17.773
   38.462   17.845
   38.516   18.031
   38.794   18.086
   39.006   18.062
   39.170   17.960
   39.170   17.960
   38.947   18.364
   38.694   18.895
   38.272   19.584
   37.907   20.000
   37.907   20.000
   37.804   20.300
   37.804   20.300
   38.115   20.282
   38.471   20.437
   38.439   21.097
   38.420   21.582
   38.355   22.164
   38.271   22.727
   38.599   22.955
   38.948   23.212
   39.287   23.463
   39.720   23.787
   39.918   24.002
   40.055   24.559
   40.092   24.931
   40.156   25.416
   40.156   25.416
   40.325   26.010
   40.553   26.597
   40.789   27.256
   40.640   27.568
   40.618   27.987
   40.668   28.724
   40.686   29.030
   40.768   30.007
   40.601   30.774
   40.615   31.116
   40.679   31.482
   40.860   32.392
   41.023   33.405
   41.159   34.286
   41.123   34.832
   41.002   35.527
   40.849   36.169
   40.600   37.062
   40.269   38.021
   40.009   38.795
   39.909   39.268
   39.703   39.892
   39.392   40.449
   39.080   41.002
   39.080   41.002
   38.849   41.026
   38.616   41.236
   38.355   41.839
   38.213   42.289
   37.990   42.797
   37.685   43.176
   37.407   43.648
   37.098   44.020
   36.572   44.357
   36.015   44.515
   35.458   44.670
   35.025   44.836
   34.591   45.000
   34.591   45.000
   33.893   45.505
   33.391   45.918
   32.887   46.608
   32.448   47.411
   32.311   47.770
   32.308   48.170
   32.237   48.489
   31.621   49.036
   31.212   49.265
   30.802   49.492
   30.453   49.974
   30.103   50.453
   29.578   51.057
   29.072   50.998
   28.487   51.283
   27.957   51.912
   27.561   52.504
   27.121   53.241
   26.717   53.860
   26.668   54.728
   26.947   55.662
   27.369   56.423
   27.301   56.875
   26.545   56.992
   26.049   57.057
   25.552   57.121
   24.788   57.345
   24.443   57.832
   24.363   58.716
   24.311   59.603
   24.232   60.374
   24.177   60.870
   24.122   61.365
   24.087   61.955
   24.283   62.581
   24.285   63.366
   24.350   64.162
   24.382   65.028
   24.382   65.028
   24.620   65.492
   24.856   65.958
   25.179   66.530
   25.499   67.104
   25.984   67.268
   26.518   67.253
   27.085   67.248
   27.912   67.332
   28.404   67.342
   28.573   67.240
   29.377   67.277
   29.795   67.301
   30.073   67.849
   29.878   68.311
   29.209   68.680
   29.096   69.085
   29.262   69.881
   29.840   70.100
   30.423   70.178
   31.006   70.258
   31.459   70.101
   31.913   69.942
   32.431   70.439
   32.947   70.942
   33.477   71.392
   34.005   71.847
   34.682   72.459
   34.682   72.459
   34.176   73.030
   33.667   73.593
   33.159   74.314
   32.881   75.089
   32.189   75.675
   31.633   75.722
   31.154   76.521
   30.738   77.007
   30.558   77.641
   30.226   78.076
   29.887   78.422
   29.678   78.912
   29.393   79.197
   29.143   79.790
   29.093   80.227
   28.975   80.546
   28.790   81.043
   28.413   81.361
   28.167   82.200
   27.881   82.935
   27.593   83.667
   27.452   84.159
   27.309   84.649
   27.170   85.622
   27.095   86.251
   26.737   86.481
   26.668   86.820
   27.022   87.219
   26.909   87.745
   26.885   88.320
   27.027   89.282
   26.847   89.772
   26.937   90.329
   27.008   91.258
   27.033   91.781
   27.056   92.305
   27.116   93.233
   27.110   93.570
   27.501   94.189
   27.918   94.829
   28.183   95.466
   28.135   96.234
   28.110   96.792
   28.083   97.348
   28.083   97.348
   27.702   97.471
   27.241   97.347
   26.820   97.130
   26.287   96.906
   25.647   96.581
   25.134   96.310
   24.480   96.117
   23.761   95.969
   23.015   95.909
   22.352   95.918
   21.681   95.918
   20.900   95.943
   20.040   96.016
   19.412   96.225
   18.705   96.341
   17.982   96.421
   17.435   96.466
   16.644   96.470
   16.003   96.447
   15.396   96.419
   15.136   96.406
   15.136   96.406
   14.909   96.454
   14.400   96.480
   14.400   96.480
   14.419   97.390
   14.434   98.300
   14.446   99.210
   14.838   99.766
   15.462  100.297
   16.084  100.832
   16.575  101.141
   17.066  101.451
   17.350  102.032
   17.633  102.615
   17.660  103.180
   17.685  103.746
   17.709  104.312
   17.730  104.878
   17.750  105.817
   17.766  106.756
   17.777  107.695
   17.784  108.634
   17.785  109.573
   17.783  110.512
   17.870  111.040
   17.955  111.569
   18.038  112.098
   18.121  112.628
   18.280  113.313
   18.438  114.000
   18.438  114.000
   18.863  113.759
   19.288  113.517
   19.713  113.274
   20.137  113.030
   20.561  112.784
   20.985  112.537
   21.408  112.288
   21.831  112.038
   22.165  111.175
   22.495  110.308
   22.820  109.436
   23.141  108.561
   23.456  107.681
   24.052  107.132
   24.646  106.578
   25.238  106.018
   25.797  105.720
   26.355  105.419
   27.117  105.182
   27.878  104.942
   28.334  105.170
   28.790  105.399
   29.254  106.262
   29.713  107.133
   30.005  108.043
   30.290  108.959
   30.569  109.880
   30.842  110.806
   31.252  111.209
   31.660  111.615
   32.252  111.633
   32.843  111.651
   33.465  112.274
   34.083  112.905
   34.469  113.250
   34.854  113.599
   34.843  114.280
   34.828  114.960
   34.213  115.746
   33.593  116.521
   32.968  117.284
   32.572  117.719
   32.175  118.150
   31.776  118.577
   31.376  119.001
   31.199  119.711
   31.392  120.368
   31.581  121.027
   31.557  121.611
   31.530  122.195
   31.502  122.780
   31.471  123.364
   31.471  123.364
   32.173  124.072
   32.870  124.791
   33.563  125.521
   34.252  126.263
   34.252  126.263
   34.936  126.196
   35.621  126.128
   36.169  126.115
   36.718  126.101
   37.541  125.914
   38.365  125.723
   38.824  125.551
   39.283  125.376
   39.742  125.199
   40.200  125.019
   40.867  124.272
   41.530  123.510
   42.188  122.732
   41.904  122.255
   41.617  121.782
   41.329  121.313
   41.039  120.848
   40.654  119.846
   40.261  118.856
   40.054  118.245
   39.843  117.638
   40.057  117.010
   40.267  116.379
   40.596  115.810
   40.921  115.235
   41.163  114.392
   41.399  113.542
   41.024  112.911
   40.645  112.287
   41.126  111.435
   41.601  110.570
   42.070  109.693
   42.636  109.041
   43.149  108.131
   43.655  107.205
   44.099  107.061
   44.543  106.914
   44.987  106.765
   45.431  106.614
   45.875  106.460
   46.318  106.304
   46.849  106.177
   47.380  106.048
   47.910  105.916
   48.441  105.781
   49.292  105.582
   50.143  105.375
   50.786  104.904
   51.427  104.420
   51.765  105.058
   52.099  105.705
   52.431  106.362
   52.758  107.029
   53.081  107.706
   53.401  108.393
   54.150  108.691
   54.899  109.000
   55.331  109.375
   55.762  109.758
   56.221  110.924
   56.295  112.305
   56.418  113.656
   56.526  115.015
   56.618  116.382
   56.802  117.253
   56.980  118.133
   57.151  119.021
   57.316  119.918
   57.302  120.851
   57.281  121.784
   57.254  122.715
   57.219  123.645
   57.178  124.573
   57.130  125.499
   56.774  126.960
   56.401  128.393
   56.013  129.798
   55.861  130.747
   55.702  131.688
   55.491  132.674
   55.273  133.650
   55.060  135.138
   54.830  136.610
   54.588  137.918
   54.333  139.211
   54.103  140.145
   54.074  141.278
   54.035  142.409
   54.035  142.409
   54.574  142.179
   55.112  141.943
   55.650  141.700
   56.188  141.451
   56.658  141.535
   57.128  141.621
   57.599  141.709
   58.069  141.800
   58.539  141.893
   59.009  141.988
   59.479  142.086
   59.948  142.187
   60.282  142.943
   60.611  143.715
   60.935  144.502
   61.255  145.306
   61.570  146.126
   61.880  146.963
   62.734  146.499
   63.587  146.008
   64.438  145.487
   65.287  144.932
   65.287  144.932
   65.803  144.344
   66.318  143.731
   66.654  142.503
   66.979  141.242
   67.447  140.330
   67.910  139.381
   68.477  138.963
   69.042  138.523
   69.635  137.368
   69.954  136.758
   70.529  135.962
   70.692  135.595
   71.268  134.854
   71.865  134.017
   72.281  133.267
   72.695  132.483
   73.371  131.263
   74.018  130.200
   74.479  129.595
   74.938  128.955
   75.495  128.519
   76.050  128.050
   76.642  127.634
   77.234  127.181
   77.684  126.457
   78.133  125.679
   78.133  125.679
   78.990  125.188
   79.759  123.408
   80.206  122.639
   80.643  121.898
   81.115  121.004
   81.595  119.984
   82.087  119.100
   82.298  117.755
   82.539  117.171
   82.740  116.582
   83.014  115.793
   83.151  115.258
   83.321  114.558
   83.512  113.723
   83.674  112.843
   83.824  111.974
   83.966  110.959
   84.110  109.727
   84.194  108.939
   84.295  107.709
   84.369  106.759
   84.486  105.302
   84.579  103.943
   84.664  102.918
   84.911   99.444
   84.960   98.568
   85.028   97.273
   85.102   95.839
   85.154   94.155
   85.229   92.313
   85.296   89.980
   85.346   88.486
   85.418   86.802
   85.500   84.802
   85.556   83.142
   85.639   81.103
   85.768   78.403
   85.917   76.326
   85.989   75.029
   86.106   72.984
   86.203   70.926
   86.306   68.208
   86.472   69.752
   86.606   66.301
   86.655   66.544
   86.755   62.462
   86.805   61.506
   86.787   58.018
   86.746   54.561
   86.706   50.770
   86.641   47.523
   86.598   46.062
   86.561   46.314
   86.496   43.480
   86.432   41.755
   86.291   38.301
   86.161   35.607
   86.053   33.340
   85.908   30.972
   85.810   29.229
   85.874   28.143
   85.867   27.427
   85.859   25.383
   85.817   23.347
   85.799   21.343
   85.684   19.285
   85.591   17.890
   85.486   16.063
   85.380   14.666
   85.281   13.242
   85.137   11.704
   85.067   10.659
   84.958    9.809
   85.009    8.938
   84.898    8.134
   84.762    6.665
   84.632    5.178
   84.570    4.508
   84.597    4.035
   84.561    3.848
   84.462    3.024
   84.344    2.235
   84.223    1.301
   84.102    0.405
   83.996   -0.469
   83.864   -1.206
   83.690   -2.363
   83.570   -3.204
   83.430   -4.148
   83.249   -5.154
   83.000   -6.234
   82.868   -7.212
   82.691   -5.865
   82.519   -5.010
   82.328   -3.700
   82.290   -3.796
   82.050   -4.537
   81.913   -5.033
   81.620   -3.909
   81.552   -4.152
   81.370   -4.641
   81.251   -3.454
   81.126   -2.414
   80.993   -2.779
   80.792   -3.364
   80.755   -2.942
   80.625   -1.684
   80.370   -2.341
   80.308   -1.766
   80.213   -0.969
   80.142   -0.251
   80.026    0.628
   79.909    1.487
   79.780    2.378
   79.657    3.296
   79.533    4.390
   79.228    3.901
   79.030    3.432
   78.950    3.857
   78.806    4.691
   78.641    5.592
   78.444    6.776
   78.235    7.785
   78.090    7.827
   77.911    7.771
   77.712    7.880
   77.479    7.809
   77.148    7.672
   76.969    7.622
   76.799    7.615
   76.602    7.563
   76.431    7.557
   76.279    7.480
   76.117    7.515
   75.981    7.593
   75.729    7.603
   75.527    7.842
   75.382    7.946
   75.188    8.212
   75.076    8.460
   74.946    8.630
   74.763    8.781
   74.543    8.984
   74.377    9.133
   74.233    9.153
   74.096    9.208
   73.980    9.203
   73.882    9.140
   73.758    9.037
   73.706    8.957
   73.628    8.838
   73.534    8.652
   73.485    8.386
   73.427    8.150
   73.371    7.791
   73.252    7.391
   73.204    7.071
   73.145    6.782
   73.019    6.055
   72.924    5.586
   72.820    4.970
   72.697    4.300
   72.580    3.609
   72.433    2.781
   72.328    1.991
   72.134    0.901
   72.015    0.281
   71.910   -0.392
   71.815   -0.975
   71.685   -1.743
   71.592   -2.399
   71.500   -2.937
   71.398   -3.692
   71.490   -4.072
   71.432   -4.360
   71.333   -4.741
   71.431   -5.157
   71.540   -5.699
   71.465   -5.917
   71.387   -6.333
   71.282   -6.900
   71.125   -7.375
   71.217   -7.941
   71.456   -9.393
   71.615  -10.356
   71.774  -11.370
   71.588  -11.714
   71.396  -12.106
   71.252  -12.359
   71.147  -11.865
   71.052  -11.356
   70.876  -11.669
   70.707  -12.009
   70.563  -12.255
   70.698  -12.905
   70.772  -13.396
   70.816  -13.892
   70.726  -14.036
   70.517  -14.237
   70.354  -14.448
   70.389  -14.734
   70.168  -15.024
   69.840  -15.425
   69.550  -15.716
   69.550  -15.716
   69.265  -16.034
   69.038  -16.263
   68.808  -16.487
   68.865  -17.154
   68.700  -17.392
   68.400  -17.829
   68.066  -18.220
   67.738  -18.490
   67.443  -18.756
   67.058  -19.099
   66.934  -18.118
   66.781  -18.247
   66.685  -17.474
   66.365  -17.718
   66.203  -16.507
   65.944  -16.656
   65.677  -16.859
   65.379  -17.025
   64.995  -17.141
   64.737  -17.367
   64.489  -17.822
   64.182  -18.626
   63.985  -19.041
   63.862  -19.238
   63.949  -20.097
   64.017  -20.731
   64.067  -21.298
   63.922  -22.066
   63.836  -22.537
   63.767  -22.872
   63.650  -23.059
   63.651  -23.330
   63.568  -23.487
   63.474  -23.741
   63.355  -24.009
   63.230  -24.255
   63.110  -24.519
   62.992  -24.721
   62.924  -24.888
   62.800  -25.035
   62.710  -25.156
   62.614  -25.311
   62.620  -25.449
   62.503  -25.643
   62.375  -25.875
   62.237  -26.107
   62.105  -26.309
   61.939  -26.526
   61.825  -26.768
   61.665  -27.032
   61.532  -27.226
   61.398  -27.389
   61.252  -27.582
   61.066  -27.855
   60.956  -28.024
   60.848  -28.192
   60.705  -28.408
   60.566  -28.642
   60.419  -28.829
   60.333  -28.927
   60.340  -29.029
   60.273  -29.118
   60.168  -29.224
   60.083  -29.372
   60.083  -29.372
   59.969  -29.508
   59.868  -29.636
   59.751  -29.849
   59.618  -30.043
   59.529  -30.163
   59.390  -30.305
   59.238  -30.453
   59.093  -30.647
   58.941  -30.791
   58.976  -30.977
   58.892  -31.039
   58.805  -31.178
   58.690  -31.303
   58.574  -31.427
   58.447  -31.556
   58.468  -31.745
   58.397  -31.800
   58.340  -31.872
   58.249  -31.983
   58.148  -32.123
   57.998  -32.281
   58.006  -32.472
   57.957  -32.492
   57.880  -32.619
   57.773  -32.708
   57.642  -32.806
   57.667  -32.918
   57.608  -32.964
   57.548  -33.010
   57.451  -33.070
   57.285  -33.203
   57.265  -33.377
   57.264  -33.497
   57.163  -33.509
   57.088  -33.535
   57.001  -33.566
   56.874  -33.587
   56.871  -33.682
   56.883  -33.796
   56.902  -33.978
   56.827  -34.004
   56.780  -34.043
   56.739  -34.072
   56.746  -34.218
   56.659  -34.247
   56.577  -34.321
   56.502  -34.346
   56.498  -34.440
   56.436  -34.460
   56.337  -34.493
   56.210  -34.510
   56.061  -34.558
   55.939  -34.620
   55.812  -34.638
   55.849  -34.877
   55.774  -34.901
   55.691  -34.972
   55.483  -35.080
   55.326  -35.173
   55.141  -35.251
   54.996  -35.339
   54.971  -35.212
   54.913  -35.274
   54.786  -35.289
   54.678  -35.365
   54.516  -35.412
   54.331  -35.488
   54.327  -35.313
   54.308  -35.121
   54.220  -35.147
   54.111  -35.201
   53.951  -35.270
   53.828  -35.327
   53.668  -35.395
   53.546  -35.452
   53.512  -35.246
   53.475  -35.257
   53.388  -35.282
   53.238  -35.325
   53.211  -35.183
   53.134  -35.184
   52.990  -35.161
   52.861  -35.156
   52.705  -35.138
   52.704  -35.011
   52.704  -34.884
   52.708  -34.925
   52.682  -34.572
   52.663  -34.175
   52.648  -33.712
   52.628  -33.335
   52.615  -33.020
   52.595  -32.857
   52.581  -32.649
   52.556  -32.359
   52.516  -32.053
   52.504  -31.866
   52.465  -31.582
   52.420  -31.257
   52.343  -31.265
   52.263  -31.253
   52.109  -31.268
   52.105  -31.058
   52.094  -30.807
   52.057  -30.376
   52.030  -30.026
   51.953  -30.036
   51.858  -30.011
   51.765  -30.006
   51.620  -30.001
   51.424  -29.996
   51.254  -30.001
   51.107  -29.977
   50.990  -29.982
   50.931  -29.942
   50.861  -29.909
   50.790  -29.875
   50.743  -29.831
   50.694  -29.768
   50.598  -29.662
   50.499  -29.537
   50.469  -29.508
   50.416  -29.427
   50.320  -29.322
   50.221  -29.198
   50.195  -29.127
   50.151  -29.022
   50.068  -28.995
   49.988  -28.987
   49.905  -28.960
   49.815  -28.895
   49.731  -28.869
   49.657  -28.818
   49.653  -28.718
   49.639  -28.562
   49.583  -28.545
   49.481  -28.486
   49.369  -28.452
   49.286  -28.426
   49.220  -28.353
   49.161  -28.317
   49.099  -28.263
   48.996  -28.206
   48.909  -28.162
   48.803  -28.087
   48.688  -28.035
   48.605  -28.011
   48.609  -27.890
   48.585  -27.760
   48.517  -27.749
   48.421  -27.731
   48.325  -27.712
   48.205  -27.704
   48.090  -27.654
   47.994  -27.635
   47.886  -27.622
   47.775  -27.590
   47.651  -27.564
   47.658  -27.463
   47.602  -27.448
   47.522  -27.443
   47.473  -27.464
   47.393  -27.459
   47.341  -27.461
   47.264  -27.474
   47.205  -27.441
   47.114  -27.382
   46.999  -27.334
   46.922  -27.347
   46.849  -27.377
   46.757  -27.378
   46.755  -27.436
   46.691  -27.444
   46.638  -27.446
   46.485  -27.472
   46.356  -27.487
   46.304  -27.489
   46.203  -27.512
   46.213  -27.565
   46.149  -27.572
   46.072  -27.585
   45.983  -27.602
   45.985  -27.677
   45.936  -27.697
   45.883  -27.699
   45.878  -27.739
   45.829  -27.759
   45.700  -27.773
   45.599  -27.795
   45.526  -27.825
   45.536  -27.877
   45.521  -27.864
   45.480  -27.862
   45.456  -27.871
   45.466  -27.924
   45.430  -27.938
   45.390  -27.935
   45.337  -27.937
   45.344  -27.972
   45.280  -27.979
   45.215  -27.986
   45.163  -27.988
   45.098  -27.994
   45.127  -28.076
   45.066  -28.100
   45.030  -28.115
   44.968  -28.139
   44.920  -28.157
   44.909  -28.106
   44.864  -28.142
   44.812  -28.144
   44.751  -28.168
   44.628  -28.215
   44.518  -28.257
   44.405  -28.282
   44.307  -28.320
   44.184  -28.367
   44.198  -28.435
   44.145  -28.436
   44.096  -28.455
   44.023  -28.483
   43.931  -28.481
   43.845  -28.513
   43.768  -28.524
   43.768  -28.796
   43.698  -28.840
   43.628  -28.884
   43.493  -28.934
   43.389  -29.008
   43.208  -29.091
   43.080  -29.174
   43.081  -29.317
   43.028  -29.317
   42.952  -29.327
   42.838  -29.349
   42.724  -29.372
   42.715  -29.321
   42.674  -29.318
   42.613  -29.339
   42.527  -29.370
   42.413  -29.392
   42.291  -29.435
   42.289  -29.223
   42.237  -29.223
   42.175  -29.245
   42.083  -29.242
   41.929  -29.261
   41.910  -29.162
   41.800  -29.200
   41.683  -29.206
   41.520  -29.245
   41.385  -29.292
   41.247  -29.322
   41.215  -29.229
   41.126  -29.242
   40.985  -29.256
   40.871  -29.278
   40.705  -29.300
   40.570  -29.346
   40.599  -29.561
   40.550  -29.577
   40.469  -29.570
   40.383  -29.598
   40.285  -29.631
   40.208  -29.640
   40.107  -29.657
   40.106  -29.588
   40.079  -29.580
   40.033  -29.613
   39.993  -29.609
   39.400  -29.770
   39.400  -29.770
