FT
  -15.559 -177.130
  -15.604 -176.660
  -15.489 -176.526
  -15.419 -176.462
  -15.312 -176.387
  -15.184 -176.341
  -15.050 -176.331
  -14.904 -176.319
  -14.780 -176.339
  -14.634 -176.346
  -14.634 -176.346
  -14.671 -176.880
  -14.706 -177.415
  -14.646 -177.746
  -14.317 -178.240
  -13.986 -178.733
  -14.230 -178.768
  -14.224 -178.888
  -14.928 -179.048
  -14.936 -179.288
  -15.527 -179.444
  -15.527 -179.444
  -15.377 -178.812
  -15.325 -178.264
  -15.398 -177.691
  -15.559 -177.130
  -15.559 -177.130
