GP
    2.635 -102.068
    2.574 -102.082
    2.502 -102.077
    2.486 -102.085
    2.412 -102.085
    2.391 -102.090
    2.327 -102.088
    2.308 -102.080
    2.161 -102.075
    2.137 -102.067
    2.024 -102.075
    1.972 -102.076
    1.903 -102.088
    1.904 -102.104
    1.778 -102.133
    1.752 -102.262
    1.541 -102.230
    1.528 -102.257
    1.361 -102.222
    1.349 -102.243
    1.221 -102.203
    1.214 -102.223
    1.134 -102.181
    1.134 -102.181
    1.206 -102.082
    1.269 -101.959
    1.334 -101.825
    1.404 -101.644
    1.318 -101.580
    1.389 -101.487
    1.338 -101.423
    1.399 -101.348
    1.350 -101.315
    1.423 -101.195
    1.386 -101.153
    1.471 -101.047
    1.514 -101.074
    1.655 -100.964
    1.679 -100.973
    1.743 -100.908
    1.832 -100.974
    1.906 -101.049
    1.980 -101.149
    2.049 -101.270
    2.104 -101.356
    2.160 -101.438
    2.232 -101.512
    2.232 -101.512
    2.605 -101.490
    2.640 -101.697
    2.642 -101.878
    2.635 -102.068
    2.635 -102.068
