in
   14.623   56.265
   14.302   56.819
   14.208   56.762
   14.141   56.903
   14.068   57.037
   13.937   56.969
   13.848   57.140
   13.772   57.299
   13.740   57.301
   13.643   57.477
   13.523   57.689
   13.451   57.810
   13.309   57.733
   13.138   57.639
   13.002   57.867
   12.745   58.239
   12.745   58.239
   12.284   58.017
   11.821   57.796
   11.359   57.576
   10.896   57.356
   10.434   57.138
    9.971   56.919
    9.857   56.977
    9.857   57.029
    9.681   57.261
    9.942   57.491
    9.532   58.063
    9.450   58.018
    9.293   58.263
    9.090   58.148
    8.863   58.430
    8.647   58.251
    8.401   58.611
    8.167   58.918
    8.097   58.880
    7.768   59.309
    7.673   59.220
    7.312   59.700
    6.951   60.179
    6.767   60.038
    6.310   60.670
    5.910   61.142
    5.490   61.657
    5.262   61.529
    4.911   62.000
    4.523   62.457
    4.108   63.002
    3.893   62.868
    3.631   63.331
    3.700   63.388
    3.482   63.819
    3.602   63.890
    3.217   64.618
    3.299   64.682
    2.921   65.213
    3.299   65.489
    2.971   65.963
    2.752   66.379
    2.393   66.179
    2.052   65.992
    1.859   66.333
    1.621   66.673
    1.331   66.493
    1.068   66.870
    0.722   66.657
    0.337   67.159
   -0.039   66.839
   -0.340   67.209
   -0.578   67.023
   -1.040   67.662
   -1.440   67.367
   -1.913   67.929
   -2.088   67.788
   -2.540   68.249
   -2.888   67.892
   -3.351   68.270
   -3.771   68.667
   -4.118   68.349
   -4.549   68.751
   -5.042   68.198
   -5.472   68.607
   -5.891   68.219
   -6.259   67.782
   -6.811   68.274
   -6.811   68.274
   -6.538   69.007
   -6.445   69.806
   -6.474   70.292
   -6.502   70.786
   -6.599   71.312
   -6.696   71.834
   -6.867   72.355
   -7.038   72.884
   -7.039   73.392
   -6.191   73.544
   -5.778   73.704
   -4.927   73.770
   -4.307   73.883
   -4.411   74.358
   -4.514   74.833
   -4.776   75.518
   -5.038   76.203
   -5.046   76.779
   -5.055   77.356
   -4.994   77.981
   -4.932   78.606
   -4.752   79.141
   -4.573   79.676
   -4.393   80.374
   -4.213   81.072
   -4.031   81.701
   -3.848   82.330
   -3.641   82.796
   -3.433   83.263
   -3.225   83.729
   -3.017   84.195
   -3.181   84.987
   -3.344   85.779
   -3.716   86.501
   -4.088   87.225
   -3.529   87.923
   -2.969   88.620
   -2.271   88.828
   -1.574   89.036
   -1.179   89.430
   -0.783   89.825
   -0.450   90.630
   -0.117   91.436
    0.216   92.241
    0.549   93.046
    0.882   93.852
    1.493   94.415
    2.104   94.979
    2.104   94.979
    2.457   94.405
    3.048   93.754
    3.716   93.227
    4.384   92.903
    5.005   92.665
    5.702   92.537
    6.333   92.376
    6.948   92.278
    6.948   92.278
    7.663   91.903
    8.160   91.781
    8.656   91.651
    9.130   91.596
    9.604   91.533
   10.056   91.559
   10.514   91.576
   11.300   91.591
   11.791   91.643
   12.283   91.700
   13.154   91.889
   13.715   92.068
   13.715   92.068
   14.384   92.517
   14.869   92.941
   15.353   93.368
   15.562   93.788
   15.770   94.209
   15.813   95.095
   15.534   95.912
   15.136   96.406
   15.136   96.406
   15.396   96.419
   16.003   96.447
   16.644   96.470
   17.435   96.466
   17.982   96.421
   18.705   96.341
   19.412   96.225
   20.040   96.016
   20.900   95.943
   21.681   95.918
   22.352   95.918
   23.015   95.909
   23.761   95.969
   24.480   96.117
   25.134   96.310
   25.647   96.581
   26.287   96.906
   26.820   97.130
   27.241   97.347
   27.702   97.471
   28.083   97.348
   28.083   97.348
   28.110   96.792
   28.135   96.234
   28.183   95.466
   27.918   94.829
   27.501   94.189
   27.110   93.570
   27.116   93.233
   27.056   92.305
   27.033   91.781
   27.008   91.258
   26.937   90.329
   26.847   89.772
   27.027   89.282
   26.885   88.320
   26.909   87.745
   27.022   87.219
   26.668   86.820
   26.737   86.481
   27.095   86.251
   27.170   85.622
   27.309   84.649
   27.452   84.159
   27.593   83.667
   27.881   82.935
   28.167   82.200
   28.413   81.361
   28.790   81.043
   28.975   80.546
   29.093   80.227
   29.143   79.790
   29.393   79.197
   29.678   78.912
   29.887   78.422
   30.226   78.076
   30.558   77.641
   30.738   77.007
   31.154   76.521
   31.633   75.722
   32.189   75.675
   32.881   75.089
   33.159   74.314
   33.667   73.593
   34.176   73.030
   34.682   72.459
   34.682   72.459
   34.005   71.847
   33.477   71.392
   32.947   70.942
   32.431   70.439
   31.913   69.942
   31.459   70.101
   31.006   70.258
   30.423   70.178
   29.840   70.100
   29.262   69.881
   29.096   69.085
   29.209   68.680
   29.878   68.311
   30.073   67.849
   29.795   67.301
   29.377   67.277
   28.573   67.240
   28.404   67.342
   27.912   67.332
   27.085   67.248
   26.518   67.253
   25.984   67.268
   25.499   67.104
   25.179   66.530
   24.856   65.958
   24.620   65.492
   24.382   65.028
   24.382   65.028
   24.038   64.651
   23.694   64.275
   23.201   63.631
   22.683   62.877
   22.385   62.502
   22.083   62.133
   21.425   62.096
   21.126   61.848
   20.644   61.492
   20.230   61.230
   19.813   60.970
   19.306   60.712
   18.798   60.456
   18.240   60.215
   18.240   60.215
   17.458   60.062
   16.713   60.020
   16.142   59.964
   15.572   59.909
   15.242   59.642
   14.895   59.410
   15.088   59.034
   14.646   58.589
   14.916   58.213
   14.599   57.984
   14.662   57.476
   14.660   57.002
   14.623   56.265
   14.623   56.265
