jf
   51.612 -130.850
   51.185 -131.074
   50.908 -130.753
   50.465 -130.254
   50.298 -130.329
   50.217 -130.162
   50.055 -130.300
   49.983 -130.162
   49.479 -130.501
   49.177 -129.705
   48.869 -128.919
   48.476 -129.147
   48.324 -128.940
   47.835 -129.190
   47.727 -128.938
   47.065 -129.259
   46.401 -129.572
   46.433 -129.803
   46.229 -129.917
   46.196 -130.051
   45.943 -130.073
   45.896 -129.869
   45.736 -129.936
   45.414 -130.187
   45.285 -130.069
   44.929 -130.367
   44.589 -130.480
   44.208 -129.498
   43.818 -128.528
   43.419 -127.571
   43.014 -126.627
   42.357 -127.039
   41.692 -127.241
   41.641 -127.401
   41.555 -127.446
   41.589 -127.560
   41.081 -127.639
   40.573 -127.717
   40.538 -127.579
   40.450 -127.579
   40.422 -126.869
   40.390 -126.159
   40.354 -125.450
   40.313 -124.742
   40.313 -124.742
   40.633 -124.953
   40.884 -124.933
   41.135 -125.089
   41.380 -125.182
   41.652 -125.309
   41.818 -125.281
   41.986 -125.313
   42.142 -125.331
   42.285 -125.290
   42.359 -125.209
   42.492 -125.198
   42.561 -125.268
   42.862 -125.289
   43.051 -125.289
   43.143 -125.343
   43.267 -125.394
   43.426 -125.474
   43.737 -125.480
   43.925 -125.450
   44.002 -125.429
   44.066 -125.362
   44.323 -125.372
   44.523 -125.372
   44.667 -125.376
   44.725 -125.434
   44.881 -125.437
   45.104 -125.435
   45.474 -125.517
   45.946 -125.655
   46.295 -125.773
   46.643 -125.876
   46.970 -125.998
   47.350 -126.085
   47.748 -126.370
   47.996 -126.486
   48.291 -126.733
   48.565 -127.018
   48.750 -127.378
   48.877 -127.608
   49.080 -127.818
   49.491 -127.852
   49.781 -128.029
   49.885 -128.283
   50.086 -128.414
   50.310 -128.719
   50.479 -129.010
   50.647 -129.460
   50.836 -129.738
   51.101 -129.982
   51.278 -130.212
   51.398 -130.548
   51.612 -130.850
   51.612 -130.850
