JZ
  -31.536 -112.023
  -31.774 -112.041
  -31.948 -112.063
  -32.114 -112.065
  -32.343 -112.151
  -32.328 -112.356
  -32.489 -112.415
  -32.794 -112.418
  -33.112 -112.442
  -33.399 -112.460
  -33.650 -112.504
  -33.663 -112.604
  -33.999 -112.628
  -34.300 -112.562
  -34.556 -112.417
  -34.674 -112.187
  -34.811 -111.756
  -34.912 -111.399
  -34.995 -111.126
  -35.091 -110.827
  -35.091 -110.827
  -35.061 -110.527
  -34.946 -110.326
  -34.817 -110.141
  -34.702 -109.919
  -34.609 -109.691
  -34.545 -109.259
  -34.545 -109.259
  -34.204 -109.277
  -33.917 -109.270
  -33.702 -109.205
  -33.392 -109.323
  -33.140 -109.410
  -33.020 -109.183
  -32.937 -108.972
  -32.661 -109.206
  -32.400 -109.435
  -32.115 -109.791
  -31.920 -110.210
  -31.715 -110.687
  -31.564 -111.202
  -31.556 -111.660
  -31.536 -112.023
  -31.536 -112.023
