KE
  -42.059  175.503
  -41.910  176.081
  -41.756  176.673
  -41.657  177.123
  -41.500  177.607
  -41.188  178.015
  -40.807  178.284
  -40.424  178.566
  -40.087  178.792
  -39.685  178.950
  -39.230  179.125
  -38.889  179.215
  -38.538  179.366
  -38.205  179.569
  -37.476  179.838
  -36.793 -179.811
  -36.179 -179.371
  -35.542 -179.044
  -35.022 -178.641
  -34.706 -178.539
  -34.485 -178.413
  -34.241 -178.294
  -33.846 -178.208
  -33.580 -177.981
  -33.191 -177.810
  -32.696 -177.666
  -32.203 -177.649
  -31.957 -177.538
  -31.793 -177.301
  -31.452 -177.108
  -31.037 -176.919
  -30.678 -176.690
  -30.322 -176.547
  -29.881 -176.339
  -29.469 -176.153
  -29.065 -176.078
  -28.697 -175.995
  -28.264 -175.885
  -27.784 -175.785
  -27.318 -175.545
  -26.857 -175.400
  -26.437 -175.423
  -26.025 -175.415
  -25.730 -175.382
  -25.426 -175.297
  -25.142 -175.261
  -24.836 -175.229
  -24.472 -175.209
  -24.070 -175.102
  -23.750 -174.985
  -23.750 -174.985
  -23.853 -175.691
  -23.952 -176.356
  -24.029 -176.887
  -24.105 -177.419
  -24.105 -177.419
  -24.242 -177.448
  -24.720 -177.552
  -25.197 -177.657
  -25.976 -177.793
  -26.767 -178.017
  -27.377 -178.248
  -27.985 -178.482
  -28.693 -178.713
  -29.498 -178.966
  -29.792 -179.074
  -30.355 -179.226
  -30.997 -179.393
  -31.333 -179.515
  -31.751 -179.740
  -32.347  179.980
  -33.019  179.657
  -33.602  179.345
  -34.246  178.996
  -34.786  178.681
  -35.161  178.403
  -35.917  177.890
  -36.461  177.507
  -37.102  177.049
  -37.485  176.770
  -37.885  176.509
  -38.287  176.241
  -38.674  175.995
  -38.762  175.932
  -39.230  175.609
  -40.046  176.074
  -40.311  175.868
  -40.598  175.537
  -40.791  175.324
  -40.979  175.012
  -41.157  174.632
  -41.566  174.763
  -41.757  174.945
  -42.059  175.503
  -42.059  175.503
