lw
  -47.000   32.126
  -47.264   33.174
  -46.806   33.358
  -46.346   33.540
  -45.979   33.818
  -46.081   33.982
  -46.090   34.087
  -46.212   34.267
  -46.222   34.504
  -45.971   34.704
  -45.466   34.868
  -45.106   35.014
  -44.855   35.182
  -44.866   35.660
  -44.961   35.973
  -44.967   36.303
  -44.920   36.677
  -44.804   37.086
  -44.875   37.508
  -44.619   38.083
  -44.619   38.083
  -44.401   38.194
  -44.055   38.338
  -44.165   39.073
  -43.726   39.267
  -43.286   39.459
  -43.438   40.506
  -43.579   41.558
  -43.117   41.686
  -42.655   41.812
  -42.730   42.469
  -42.260   42.572
  -41.790   42.674
  -41.321   42.774
  -40.850   42.873
  -40.915   44.009
  -40.671   44.023
  -40.691   44.686
  -40.369   44.716
  -40.366   45.303
  -40.108   45.332
  -40.119   46.074
  -39.495   46.160
  -38.870   46.244
  -38.764   47.135
  -38.651   48.023
  -38.478   48.017
  -38.014   48.633
  -38.000   49.034
  -37.792   49.037
  -37.790   49.945
  -37.597   49.962
  -37.580   50.823
  -37.451   50.827
  -37.441   51.555
  -37.432   52.283
  -36.797   52.311
  -36.162   52.338
  -35.257   51.704
  -34.345   51.082
  -33.429   50.472
  -32.508   49.874
  -31.583   49.288
  -30.656   48.713
  -29.726   48.149
  -28.795   47.596
  -27.863   47.053
  -26.931   46.522
  -26.000   46.000
  -24.878   46.000
  -23.753   46.000
  -22.627   46.000
  -21.500   46.000
  -20.373   46.000
  -19.247   46.000
  -18.122   46.000
  -17.000   46.000
  -16.522   45.064
  -16.038   44.130
  -15.549   43.198
  -15.054   42.268
  -14.555   41.341
  -14.052   40.417
  -13.545   39.497
  -13.036   38.582
  -12.523   37.671
  -12.008   36.765
  -11.491   35.864
  -10.974   34.969
  -10.455   34.081
  -11.027   34.709
  -11.717   34.441
  -12.406   34.172
  -13.167   34.071
  -13.859   34.461
  -14.549   34.852
  -15.191   34.729
  -15.834   34.604
  -16.334   34.901
  -16.833   35.199
  -17.404   35.200
  -17.976   35.200
  -18.356   34.599
  -18.688   34.272
  -19.019   33.943
  -19.350   33.613
  -19.681   33.282
  -20.512   33.196
  -21.344   33.110
  -21.492   32.636
  -21.639   32.160
  -21.784   31.684
  -21.928   31.207
  -22.071   30.729
  -22.212   30.250
  -22.352   29.770
  -22.491   29.290
  -22.971   28.844
  -23.450   28.396
  -23.928   27.944
  -24.404   27.489
  -24.847   27.592
  -25.291   27.696
  -25.733   27.800
  -26.177   27.905
  -26.474   27.253
  -26.768   26.596
  -27.477   26.595
  -28.187   26.594
  -28.625   27.179
  -29.060   27.769
  -29.454   28.054
  -29.849   28.341
  -29.849   28.341
  -30.635   28.922
  -31.236   29.656
  -31.832   30.400
  -32.425   31.153
  -33.012   31.916
  -33.595   32.690
  -34.173   33.474
  -34.746   34.269
  -35.314   35.075
  -35.876   35.892
  -36.433   36.721
  -36.984   37.562
  -37.840   37.174
  -38.696   36.777
  -39.550   36.371
  -40.403   35.955
  -41.254   35.528
  -42.103   35.090
  -42.103   35.090
  -42.931   34.636
  -43.747   34.157
  -44.561   33.678
  -45.382   33.171
  -46.191   32.663
  -46.998   32.125
  -47.000   32.126
