MA
   11.569  143.097
   11.494  143.503
   11.790  144.157
   12.021  144.619
   12.211  145.024
   12.314  145.349
   12.647  145.691
   13.002  146.221
   13.363  146.752
   14.216  147.201
   14.966  147.462
   15.653  147.684
   16.523  147.787
   17.283  147.856
   18.060  147.811
   18.646  147.820
   19.172  147.619
   19.745  147.460
   20.303  147.207
   20.805  147.019
   21.331  146.822
   21.730  146.545
   22.201  146.062
   22.712  145.292
   23.250  144.706
   23.764  144.022
   24.391  143.522
   24.391  143.522
   23.701  142.886
   23.009  142.257
   23.009  142.257
   22.662  142.560
   22.377  142.774
   22.139  142.997
   21.928  143.150
   21.659  143.218
   21.320  143.280
   21.061  143.321
   20.962  143.281
   20.728  143.392
   20.532  143.493
   20.397  143.575
   20.418  143.842
   20.111  143.970
   19.858  144.083
   19.753  144.137
   19.725  144.252
   19.123  144.527
   19.073  144.543
   18.756  144.601
   18.359  144.626
   18.166  144.663
   18.020  144.706
   17.829  144.773
   17.535  144.970
   17.420  144.671
   16.979  144.798
   16.478  144.841
   16.123  144.792
   15.653  144.799
   15.526  144.453
   14.917  144.530
   14.884  144.334
   14.656  144.216
   14.639  144.082
   14.087  143.976
   13.811  143.942
   13.623  143.903
   13.541  143.871
   13.268  143.771
   13.058  143.662
   12.822  143.510
   12.695  143.403
   12.478  143.239
   12.265  143.143
   12.030  143.106
   11.792  143.082
   11.569  143.097
   11.569  143.097
