MN
   -3.656  151.301
   -3.607  151.250
   -3.602  151.204
   -3.587  151.142
   -3.547  151.095
   -3.476  151.021
   -3.419  150.982
   -3.372  150.931
   -3.331  150.879
   -3.348  150.824
   -3.329  150.789
   -3.295  150.732
   -3.235  150.683
   -3.163  150.634
   -3.085  150.615
   -3.047  150.616
   -3.051  150.560
   -3.061  150.509
   -3.093  150.436
   -3.141  150.352
   -3.202  150.249
   -3.274  150.135
   -3.372  150.034
   -3.491  149.913
   -3.617  149.817
   -3.617  149.817
   -3.659  149.872
   -3.724  149.938
   -3.752  150.027
   -3.790  150.121
   -3.829  150.192
   -3.874  150.226
   -3.903  150.240
   -3.881  150.320
   -3.857  150.447
   -3.839  150.552
   -3.818  150.678
   -3.775  150.793
   -3.724  150.909
   -3.692  150.987
   -3.806  151.095
   -3.737  151.222
   -3.656  151.301
   -3.656  151.301
