MO
   -5.110  140.798
   -4.586  140.566
   -4.045  140.328
   -3.645  140.070
   -3.178  139.809
   -2.578  139.439
   -2.093  139.205
   -1.607  138.972
   -1.607  138.972
   -1.754  138.488
   -1.900  138.003
   -2.080  137.634
   -2.295  137.282
   -2.493  136.931
   -2.796  136.562
   -3.100  136.167
   -3.403  135.771
   -3.849  135.262
   -4.298  134.966
   -4.298  134.966
   -4.218  135.459
   -4.177  136.167
   -4.199  136.672
   -4.221  137.177
   -4.337  138.010
   -4.442  138.484
   -4.548  138.959
   -4.751  139.731
   -4.931  140.264
   -5.110  140.798
   -5.110  140.798
