mq
  -57.436  148.806
  -58.104  149.150
  -58.552  149.398
  -58.999  149.652
  -59.570  150.006
  -59.475  150.733
  -59.944  151.008
  -60.413  151.290
  -60.176  152.473
  -59.930  153.639
  -60.681  154.294
  -61.429  154.981
  -62.174  155.701
  -62.914  156.457
  -62.478  157.970
  -62.026  159.440
  -61.559  160.865
  -61.457  161.228
  -61.457  161.228
  -61.384  161.129
  -61.053  160.740
  -60.504  160.327
  -60.005  159.803
  -60.005  159.803
  -59.939  159.691
  -59.732  159.413
  -59.511  159.186
  -59.305  158.972
  -59.071  158.650
  -58.858  158.385
  -58.779  158.267
  -58.605  158.121
  -58.334  157.920
  -58.068  157.751
  -57.783  157.620
  -57.474  157.615
  -57.230  157.640
  -56.992  157.703
  -56.725  157.823
  -56.438  157.944
  -56.310  158.042
  -56.165  158.153
  -56.022  158.226
  -55.779  158.332
  -55.522  158.465
  -55.272  158.540
  -55.047  158.596
  -54.928  158.618
  -54.689  158.674
  -54.559  158.740
  -54.308  158.885
  -54.088  158.985
  -54.702  157.411
  -55.295  155.788
  -55.867  154.115
  -56.415  152.392
  -56.939  150.622
  -57.436  148.806
