MS
    1.706  126.426
    1.001  126.144
    0.190  125.969
    0.190  125.969
   -0.128  125.616
   -0.446  125.263
   -0.446  125.263
   -0.269  124.857
    0.013  124.416
    0.437  124.010
    0.843  123.746
    1.354  123.535
    1.812  123.448
    2.006  123.430
    2.006  123.430
    2.024  123.219
    2.377  122.480
    2.309  121.669
    2.311  120.824
    2.208  120.189
    2.033  119.696
    1.577  119.306
    0.714  119.249
   -0.081  119.475
   -0.081  119.475
   -0.859  119.896
   -1.461  120.388
   -1.710  120.811
   -1.959  121.234
   -2.154  121.728
   -2.350  122.223
   -2.598  122.823
   -2.846  123.424
   -3.094  123.672
   -3.941  123.706
   -4.576  123.458
   -4.701  124.060
   -4.824  124.662
   -4.789  125.282
   -4.754  125.901
   -4.471  126.432
   -4.188  126.963
   -3.719  127.325
   -3.719  127.325
   -3.163  127.510
   -2.447  127.667
   -1.758  127.666
   -1.758  127.666
   -1.388  127.241
   -1.018  126.817
   -0.648  126.393
   -0.278  125.969
   -0.278  125.969
    0.190  125.969
    1.001  126.144
    1.706  126.426
    1.706  126.426
