na
   15.451  -46.766
   16.019  -46.648
   16.587  -46.529
   16.607  -46.589
   17.087  -46.498
   17.566  -46.407
   17.588  -46.520
   18.422  -46.391
   18.422  -46.318
   18.935  -46.224
   18.932  -46.184
   19.377  -46.093
   19.823  -46.002
   19.802  -45.940
   20.618  -45.774
   20.596  -45.557
   21.222  -45.419
   21.247  -45.515
   21.822  -45.385
   21.806  -45.248
   22.390  -45.157
   22.973  -45.066
   22.963  -45.024
   23.646  -44.925
   23.784  -45.699
   23.917  -46.476
   24.597  -46.196
   24.590  -46.119
   25.254  -45.791
   25.192  -45.499
   25.637  -45.296
   26.081  -45.092
   26.055  -44.899
   26.270  -44.816
   26.280  -44.867
   26.767  -44.687
   27.254  -44.506
   27.235  -44.383
   27.671  -44.203
   28.107  -44.022
   28.105  -43.942
   28.811  -43.563
   28.802  -43.483
   29.469  -43.088
   29.471  -43.037
   30.070  -42.729
   29.973  -42.136
   30.606  -41.786
   31.237  -41.430
   31.194  -41.184
   31.817  -40.710
   31.802  -40.553
   32.444  -40.129
   33.084  -39.700
   33.067  -39.586
   33.768  -39.399
   33.637  -38.597
   33.501  -37.797
   33.736  -37.678
   33.705  -37.533
   34.136  -37.336
   34.124  -37.245
   34.567  -37.046
   34.554  -36.862
   34.712  -36.785
   34.693  -36.623
   35.280  -36.373
   35.148  -35.558
   35.010  -34.746
   35.625  -34.459
   35.616  -34.335
   36.079  -34.142
   36.071  -34.057
   36.221  -33.982
   36.185  -33.772
   36.742  -33.595
   36.691  -33.313
   36.941  -33.225
   36.916  -33.005
   37.065  -32.943
   37.033  -32.708
   37.176  -32.646
   37.137  -32.395
   37.392  -32.283
   37.282  -31.516
   37.705  -31.371
   37.680  -31.071
   38.403  -30.605
   38.388  -30.430
   38.888  -30.171
   39.387  -29.909
   39.400  -29.770
   39.400  -29.770
   39.993  -29.609
   40.033  -29.613
   40.079  -29.580
   40.106  -29.588
   40.107  -29.657
   40.208  -29.640
   40.285  -29.631
   40.383  -29.598
   40.469  -29.570
   40.550  -29.577
   40.599  -29.561
   40.570  -29.346
   40.705  -29.300
   40.871  -29.278
   40.985  -29.256
   41.126  -29.242
   41.215  -29.229
   41.247  -29.322
   41.385  -29.292
   41.520  -29.245
   41.683  -29.206
   41.800  -29.200
   41.910  -29.162
   41.929  -29.261
   42.083  -29.242
   42.175  -29.245
   42.237  -29.223
   42.289  -29.223
   42.291  -29.435
   42.413  -29.392
   42.527  -29.370
   42.613  -29.339
   42.674  -29.318
   42.715  -29.321
   42.724  -29.372
   42.838  -29.349
   42.952  -29.327
   43.028  -29.317
   43.081  -29.317
   43.080  -29.174
   43.208  -29.091
   43.389  -29.008
   43.493  -28.934
   43.628  -28.884
   43.698  -28.840
   43.768  -28.796
   43.768  -28.524
   43.845  -28.513
   43.931  -28.481
   44.023  -28.483
   44.096  -28.455
   44.145  -28.436
   44.198  -28.435
   44.184  -28.367
   44.307  -28.320
   44.405  -28.282
   44.518  -28.257
   44.628  -28.215
   44.751  -28.168
   44.812  -28.144
   44.864  -28.142
   44.909  -28.106
   44.920  -28.157
   44.968  -28.139
   45.030  -28.115
   45.066  -28.100
   45.127  -28.076
   45.098  -27.994
   45.163  -27.988
   45.215  -27.986
   45.280  -27.979
   45.344  -27.972
   45.337  -27.937
   45.390  -27.935
   45.430  -27.938
   45.466  -27.924
   45.456  -27.871
   45.480  -27.862
   45.521  -27.864
   45.536  -27.877
   45.526  -27.825
   45.599  -27.795
   45.700  -27.773
   45.829  -27.759
   45.878  -27.739
   45.883  -27.699
   45.936  -27.697
   45.985  -27.677
   45.983  -27.602
   46.072  -27.585
   46.149  -27.572
   46.213  -27.565
   46.203  -27.512
   46.304  -27.489
   46.356  -27.487
   46.485  -27.472
   46.638  -27.446
   46.691  -27.444
   46.755  -27.436
   46.757  -27.378
   46.849  -27.377
   46.922  -27.347
   46.999  -27.334
   47.114  -27.382
   47.205  -27.441
   47.264  -27.474
   47.341  -27.461
   47.393  -27.459
   47.473  -27.464
   47.522  -27.443
   47.602  -27.448
   47.658  -27.463
   47.651  -27.564
   47.775  -27.590
   47.886  -27.622
   47.994  -27.635
   48.090  -27.654
   48.205  -27.704
   48.325  -27.712
   48.421  -27.731
   48.517  -27.749
   48.585  -27.760
   48.609  -27.890
   48.605  -28.011
   48.688  -28.035
   48.803  -28.087
   48.909  -28.162
   48.996  -28.206
   49.099  -28.263
   49.161  -28.317
   49.220  -28.353
   49.286  -28.426
   49.369  -28.452
   49.481  -28.486
   49.583  -28.545
   49.639  -28.562
   49.653  -28.718
   49.657  -28.818
   49.731  -28.869
   49.815  -28.895
   49.905  -28.960
   49.988  -28.987
   50.068  -28.995
   50.151  -29.022
   50.195  -29.127
   50.221  -29.198
   50.320  -29.322
   50.416  -29.427
   50.469  -29.508
   50.499  -29.537
   50.598  -29.662
   50.694  -29.768
   50.743  -29.831
   50.790  -29.875
   50.861  -29.909
   50.931  -29.942
   50.990  -29.982
   51.107  -29.977
   51.254  -30.001
   51.424  -29.996
   51.620  -30.001
   51.765  -30.006
   51.858  -30.011
   51.953  -30.036
   52.030  -30.026
   52.057  -30.376
   52.094  -30.807
   52.105  -31.058
   52.109  -31.268
   52.263  -31.253
   52.343  -31.265
   52.420  -31.257
   52.465  -31.582
   52.504  -31.866
   52.516  -32.053
   52.556  -32.359
   52.581  -32.649
   52.595  -32.857
   52.615  -33.020
   52.628  -33.335
   52.648  -33.712
   52.663  -34.175
   52.682  -34.572
   52.708  -34.925
   52.704  -34.884
   52.704  -35.011
   52.705  -35.138
   52.861  -35.156
   52.990  -35.161
   53.134  -35.184
   53.211  -35.183
   53.238  -35.325
   53.388  -35.282
   53.475  -35.257
   53.512  -35.246
   53.546  -35.452
   53.668  -35.395
   53.828  -35.327
   53.951  -35.270
   54.111  -35.201
   54.220  -35.147
   54.308  -35.121
   54.327  -35.313
   54.331  -35.488
   54.516  -35.412
   54.678  -35.365
   54.786  -35.289
   54.913  -35.274
   54.971  -35.212
   54.996  -35.339
   55.141  -35.251
   55.326  -35.173
   55.483  -35.080
   55.691  -34.972
   55.774  -34.901
   55.849  -34.877
   55.812  -34.638
   55.939  -34.620
   56.061  -34.558
   56.210  -34.510
   56.337  -34.493
   56.436  -34.460
   56.498  -34.440
   56.502  -34.346
   56.577  -34.321
   56.659  -34.247
   56.746  -34.218
   56.739  -34.072
   56.780  -34.043
   56.827  -34.004
   56.902  -33.978
   56.883  -33.796
   56.871  -33.682
   56.874  -33.587
   57.001  -33.566
   57.088  -33.535
   57.163  -33.509
   57.264  -33.497
   57.265  -33.377
   57.285  -33.203
   57.451  -33.070
   57.548  -33.010
   57.608  -32.964
   57.667  -32.918
   57.642  -32.806
   57.773  -32.708
   57.880  -32.619
   57.957  -32.492
   58.006  -32.472
   57.998  -32.281
   58.148  -32.123
   58.249  -31.983
   58.340  -31.872
   58.397  -31.800
   58.468  -31.745
   58.447  -31.556
   58.574  -31.427
   58.690  -31.303
   58.805  -31.178
   58.892  -31.039
   58.976  -30.977
   58.941  -30.791
   59.093  -30.647
   59.238  -30.453
   59.390  -30.305
   59.529  -30.163
   59.618  -30.043
   59.751  -29.849
   59.868  -29.636
   59.969  -29.508
   60.083  -29.372
   60.083  -29.372
   60.168  -29.224
   60.273  -29.118
   60.340  -29.029
   60.333  -28.927
   60.419  -28.829
   60.566  -28.642
   60.705  -28.408
   60.848  -28.192
   60.956  -28.024
   61.066  -27.855
   61.252  -27.582
   61.398  -27.389
   61.532  -27.226
   61.665  -27.032
   61.825  -26.768
   61.939  -26.526
   62.105  -26.309
   62.237  -26.107
   62.375  -25.875
   62.503  -25.643
   62.620  -25.449
   62.614  -25.311
   62.710  -25.156
   62.800  -25.035
   62.924  -24.888
   62.992  -24.721
   63.110  -24.519
   63.230  -24.255
   63.355  -24.009
   63.474  -23.741
   63.568  -23.487
   63.651  -23.330
   63.650  -23.059
   63.767  -22.872
   63.836  -22.537
   63.922  -22.066
   64.067  -21.298
   64.017  -20.731
   63.949  -20.097
   63.862  -19.238
   63.985  -19.041
   64.182  -18.626
   64.489  -17.822
   64.737  -17.367
   64.995  -17.141
   65.379  -17.025
   65.677  -16.859
   65.944  -16.656
   66.203  -16.507
   66.365  -17.718
   66.685  -17.474
   66.781  -18.247
   66.934  -18.118
   67.058  -19.099
   67.443  -18.756
   67.738  -18.490
   68.066  -18.220
   68.400  -17.829
   68.700  -17.392
   68.865  -17.154
   68.808  -16.487
   69.038  -16.263
   69.265  -16.034
   69.550  -15.716
   69.550  -15.716
   69.840  -15.425
   70.168  -15.024
   70.389  -14.734
   70.354  -14.448
   70.517  -14.237
   70.726  -14.036
   70.816  -13.892
   70.772  -13.396
   70.698  -12.905
   70.563  -12.255
   70.707  -12.009
   70.876  -11.669
   71.052  -11.356
   71.147  -11.865
   71.252  -12.359
   71.396  -12.106
   71.588  -11.714
   71.774  -11.370
   71.615  -10.356
   71.456   -9.393
   71.217   -7.941
   71.125   -7.375
   71.282   -6.900
   71.387   -6.333
   71.465   -5.917
   71.540   -5.699
   71.431   -5.157
   71.333   -4.741
   71.432   -4.360
   71.490   -4.072
   71.398   -3.692
   71.500   -2.937
   71.592   -2.399
   71.685   -1.743
   71.815   -0.975
   71.910   -0.392
   72.015    0.281
   72.134    0.901
   72.328    1.991
   72.433    2.781
   72.580    3.609
   72.697    4.300
   72.820    4.970
   72.924    5.586
   73.019    6.055
   73.145    6.782
   73.204    7.071
   73.252    7.391
   73.371    7.791
   73.427    8.150
   73.485    8.386
   73.534    8.652
   73.628    8.838
   73.706    8.957
   73.758    9.037
   73.882    9.140
   73.980    9.203
   74.096    9.208
   74.233    9.153
   74.377    9.133
   74.543    8.984
   74.763    8.781
   74.946    8.630
   75.076    8.460
   75.188    8.212
   75.382    7.946
   75.527    7.842
   75.729    7.603
   75.981    7.593
   76.117    7.515
   76.279    7.480
   76.431    7.557
   76.602    7.563
   76.799    7.615
   76.969    7.622
   77.148    7.672
   77.479    7.809
   77.712    7.880
   77.911    7.771
   78.090    7.827
   78.235    7.785
   78.444    6.776
   78.641    5.592
   78.806    4.691
   78.950    3.857
   79.030    3.432
   79.228    3.901
   79.533    4.390
   79.657    3.296
   79.780    2.378
   79.909    1.487
   80.026    0.628
   80.142   -0.251
   80.213   -0.969
   80.308   -1.766
   80.370   -2.341
   80.625   -1.684
   80.755   -2.942
   80.792   -3.364
   80.993   -2.779
   81.126   -2.414
   81.251   -3.454
   81.370   -4.641
   81.552   -4.152
   81.620   -3.909
   81.913   -5.033
   82.050   -4.537
   82.290   -3.796
   82.328   -3.700
   82.519   -5.010
   82.691   -5.865
   82.868   -7.212
   83.000   -6.234
   83.249   -5.154
   83.430   -4.148
   83.570   -3.204
   83.690   -2.363
   83.864   -1.206
   83.996   -0.469
   84.102    0.405
   84.223    1.301
   84.344    2.235
   84.462    3.024
   84.561    3.848
   84.597    4.035
   84.570    4.508
   84.632    5.178
   84.762    6.665
   84.898    8.134
   85.009    8.938
   84.958    9.809
   85.067   10.659
   85.137   11.704
   85.281   13.242
   85.380   14.666
   85.486   16.063
   85.591   17.890
   85.684   19.285
   85.799   21.343
   85.817   23.347
   85.859   25.383
   85.867   27.427
   85.874   28.143
   85.810   29.229
   85.908   30.972
   86.053   33.340
   86.161   35.607
   86.291   38.301
   86.432   41.755
   86.496   43.480
   86.561   46.314
   86.598   46.062
   86.641   47.523
   86.706   50.770
   86.746   54.561
   86.787   58.018
   86.805   61.506
   86.755   62.462
   86.655   66.544
   86.606   66.301
   86.472   69.752
   86.306   68.208
   86.203   70.926
   86.106   72.984
   85.989   75.029
   85.917   76.326
   85.768   78.403
   85.639   81.103
   85.556   83.142
   85.500   84.802
   85.418   86.802
   85.346   88.486
   85.296   89.980
   85.229   92.313
   85.154   94.155
   85.102   95.839
   85.028   97.273
   84.960   98.568
   84.911   99.444
   84.664  102.918
   84.579  103.943
   84.486  105.302
   84.369  106.759
   84.295  107.709
   84.194  108.939
   84.110  109.727
   83.966  110.959
   83.824  111.974
   83.674  112.843
   83.512  113.723
   83.321  114.558
   83.151  115.258
   83.014  115.793
   82.740  116.582
   82.539  117.171
   82.298  117.755
   82.087  119.100
   81.595  119.984
   81.115  121.004
   80.643  121.898
   80.206  122.639
   79.759  123.408
   78.990  125.188
   78.133  125.679
   78.133  125.679
   77.684  126.457
   77.234  127.181
   76.642  127.634
   76.050  128.050
   75.495  128.519
   74.938  128.955
   74.479  129.595
   74.018  130.200
   73.371  131.263
   72.695  132.483
   72.281  133.267
   71.865  134.017
   71.268  134.854
   70.692  135.595
   70.529  135.962
   69.954  136.758
   69.635  137.368
   69.042  138.523
   68.477  138.963
   67.910  139.381
   67.447  140.330
   66.979  141.242
   66.654  142.503
   66.318  143.731
   65.803  144.344
   65.287  144.932
   65.287  144.932
   64.733  146.595
   64.162  148.191
   63.574  149.721
   62.971  151.189
   62.353  152.596
   61.721  153.946
   61.607  155.337
   61.478  156.717
   61.407  158.045
   61.322  159.367
   61.313  160.363
   61.296  161.359
   61.272  162.353
   61.241  163.345
   61.338  165.013
   61.414  166.691
   61.505  167.696
   61.590  168.706
   61.667  169.722
   61.736  170.743
   61.736  170.743
   61.017  169.865
   60.293  169.027
   59.842  167.623
   59.376  166.258
   58.897  164.930
   58.487  164.518
   58.076  164.115
   57.664  163.721
   57.251  163.336
   56.836  162.960
   56.420  162.592
   55.817  163.340
   55.209  164.066
   55.209  164.066
   54.957  164.847
   54.588  165.771
   54.237  166.407
   53.906  167.413
   53.569  168.188
   53.208  168.836
   52.855  169.752
   52.498  170.700
   52.026  171.847
   51.684  172.964
   51.403  174.219
   51.108  175.571
   50.896  176.720
   50.698  177.680
   50.619  178.498
   50.505  179.688
   50.496 -179.202
   50.490 -178.480
   50.484 -177.758
   50.496 -177.088
   50.588 -176.223
   50.745 -175.629
   50.826 -174.907
   50.896 -174.119
   50.964 -173.328
   51.069 -172.484
   51.171 -171.634
   51.306 -170.897
   51.440 -170.159
   51.632 -169.378
   51.740 -168.972
   52.001 -167.990
   52.257 -166.819
   52.453 -166.108
   52.644 -165.390
   52.818 -164.665
   52.988 -163.934
   53.180 -163.177
   53.367 -162.413
   53.496 -161.664
   53.621 -160.910
   53.741 -160.129
   53.855 -159.344
   54.101 -157.986
   54.318 -157.067
   54.527 -156.138
   54.785 -155.239
   55.239 -154.160
   55.610 -153.164
   56.058 -152.227
   56.309 -151.218
   56.499 -150.547
   56.623 -150.081
   56.925 -149.220
   57.347 -148.257
   57.832 -147.449
   58.352 -146.759
   58.814 -146.264
   59.273 -145.756
   59.273 -145.756
   59.576 -144.977
   59.918 -144.316
   60.206 -143.332
   60.465 -142.405
   60.401 -141.598
   60.310 -141.074
   60.381 -140.128
   60.090 -139.396
   59.762 -138.860
   59.336 -138.353
   58.925 -137.819
   58.438 -137.107
   58.090 -136.895
   57.634 -136.522
   57.118 -136.209
   56.621 -135.903
   56.102 -135.429
   55.819 -135.180
   55.316 -134.669
   54.812 -134.151
   54.377 -133.840
   53.924 -133.426
   53.522 -133.093
   53.127 -132.714
   52.697 -132.169
   52.259 -131.592
   51.886 -131.177
   51.612 -130.850
   51.612 -130.850
   51.398 -130.548
   51.278 -130.212
   51.101 -129.982
   50.836 -129.738
   50.647 -129.460
   50.479 -129.010
   50.310 -128.719
   50.086 -128.414
   49.885 -128.283
   49.781 -128.029
   49.491 -127.852
   49.080 -127.818
   48.877 -127.608
   48.750 -127.378
   48.565 -127.018
   48.291 -126.733
   47.996 -126.486
   47.748 -126.370
   47.350 -126.085
   46.970 -125.998
   46.643 -125.876
   46.295 -125.773
   45.946 -125.655
   45.474 -125.517
   45.104 -125.435
   44.881 -125.437
   44.725 -125.434
   44.667 -125.376
   44.523 -125.372
   44.323 -125.372
   44.066 -125.362
   44.002 -125.429
   43.925 -125.450
   43.737 -125.480
   43.426 -125.474
   43.267 -125.394
   43.143 -125.343
   43.051 -125.289
   42.862 -125.289
   42.561 -125.268
   42.492 -125.198
   42.359 -125.209
   42.285 -125.290
   42.142 -125.331
   41.986 -125.313
   41.818 -125.281
   41.652 -125.309
   41.380 -125.182
   41.135 -125.089
   40.884 -124.933
   40.633 -124.953
   40.313 -124.742
   40.313 -124.742
   40.311 -124.416
   39.914 -124.163
   39.439 -123.890
   38.997 -123.597
   38.541 -123.305
   37.874 -122.696
   37.527 -122.380
   37.205 -122.005
   36.698 -121.305
   36.338 -120.897
   35.910 -120.438
   35.450 -119.936
   34.981 -119.329
   34.837 -118.912
   34.658 -118.400
   34.564 -118.072
   34.441 -117.746
   34.350 -117.507
   34.181 -117.159
   34.042 -116.660
   33.771 -116.209
   33.421 -115.773
   33.421 -115.773
   33.237 -115.596
   33.130 -115.717
   33.040 -115.594
   32.958 -115.508
   32.876 -115.581
   32.710 -115.412
   32.512 -115.212
   32.418 -115.330
   32.236 -115.085
   31.995 -114.765
   31.786 -114.522
   31.602 -114.332
   31.459 -114.207
   31.356 -114.118
   31.194 -114.330
   31.097 -114.439
   30.912 -114.303
   30.680 -114.129
   30.513 -113.986
   30.314 -113.807
   30.120 -114.041
   29.982 -113.909
   29.834 -113.758
   29.730 -113.870
   29.646 -113.969
   29.440 -113.775
   29.205 -113.521
   29.008 -113.281
   28.950 -113.339
   28.715 -113.087
   28.499 -112.812
   28.322 -112.589
   28.125 -112.321
   27.906 -112.015
   27.694 -111.711
   27.570 -111.506
   27.497 -111.382
   27.215 -111.569
   27.105 -111.373
   26.927 -111.506
   26.723 -111.228
   26.535 -110.957
   26.416 -110.758
   26.360 -110.680
   26.225 -110.778
   26.066 -110.572
   25.890 -110.291
   25.706 -110.024
   25.607 -109.872
   25.557 -109.806
   25.339 -110.007
   25.180 -109.788
   25.016 -109.591
   24.857 -109.350
   24.735 -109.178
   24.658 -109.062
   24.396 -109.276
   24.151 -109.002
   23.984 -108.806
   23.814 -108.610
   23.674 -108.439
   23.613 -108.357
   23.241 -108.651
   23.082 -108.388
   22.986 -108.010
   22.712 -108.232
   22.712 -108.232
   22.613 -108.273
   22.440 -108.407
   22.277 -108.527
   22.201 -108.516
   22.102 -108.589
   21.960 -108.676
   21.905 -108.582
   21.905 -108.582
   21.835 -108.397
   21.720 -108.114
   21.686 -107.928
   21.740 -107.774
   21.742 -107.586
   21.748 -107.393
   21.752 -107.171
   21.754 -107.046
   21.799 -106.890
   21.799 -106.890
   21.716 -106.862
   21.640 -106.808
   21.483 -106.757
   21.311 -106.624
   21.235 -106.551
   21.184 -106.525
   21.121 -106.442
   20.840 -106.381
   20.638 -106.387
   20.428 -106.385
   20.203 -106.352
   19.916 -106.271
   19.644 -106.121
   19.402 -105.949
   19.164 -105.739
   18.981 -105.546
   18.762 -105.247
   18.762 -105.247
   18.622 -105.043
   18.368 -104.725
   18.209 -104.406
   18.138 -104.191
   17.920 -103.792
   17.616 -103.200
   17.280 -102.432
   17.026 -101.703
   16.636 -100.867
   16.442 -100.336
   16.298  -99.806
   16.134  -99.435
   15.919  -99.028
   15.771  -98.588
   15.640  -98.166
   15.508  -97.691
   15.358  -97.217
   15.360  -96.727
   15.361  -96.219
   15.277  -95.799
   15.090  -95.466
   14.887  -95.117
   14.700  -94.873
   14.479  -94.542
   14.222  -94.055
   14.016  -93.656
   13.793  -93.309
   13.722  -92.962
   13.498  -92.599
   13.223  -92.272
   13.271  -92.063
   13.080  -91.719
   12.832  -91.308
   12.584  -90.898
   12.584  -90.898
   13.394  -90.810
   13.917  -90.426
   14.392  -90.037
   14.815  -89.718
   15.215  -89.372
   15.622  -88.876
   15.958  -88.351
   16.251  -87.723
   16.476  -86.966
   16.695  -86.320
   16.911  -85.671
   17.107  -84.910
   17.344  -84.248
   17.481  -83.706
   17.626  -82.865
   17.691  -82.244
   17.802  -81.625
   18.333  -81.689
   18.865  -81.754
   18.960  -81.256
   19.054  -80.758
   19.160  -80.210
   19.264  -79.660
   19.381  -79.011
   19.497  -78.361
   19.623  -77.673
   19.747  -76.983
   19.845  -76.356
   19.942  -75.729
   19.990  -75.239
   20.037  -74.749
   20.166  -73.994
   20.291  -73.239
   20.331  -72.332
   20.267  -71.804
   20.201  -71.277
   20.002  -70.626
   19.802  -69.978
   19.696  -69.415
   19.589  -68.853
   19.687  -68.022
   19.721  -67.531
   19.754  -67.040
   19.825  -66.259
   19.829  -65.694
   19.833  -65.129
   19.779  -64.344
   19.724  -63.760
   19.692  -63.360
   19.574  -62.847
   19.275  -62.176
   18.959  -61.553
   18.959  -61.553
   19.208  -60.753
   19.455  -59.949
   19.325  -59.130
   19.192  -58.309
   19.052  -57.493
   18.694  -56.804
   18.258  -56.118
   17.784  -55.484
   17.309  -54.852
   17.136  -54.156
   16.956  -53.460
   16.761  -52.881
   16.567  -52.304
   16.321  -51.661
   16.073  -51.024
   15.870  -50.467
   15.983  -49.803
   16.035  -49.207
   16.013  -48.515
   15.957  -47.693
   15.804  -47.398
   15.451  -46.766
   15.451  -46.766
