NB
   -6.265  153.930
   -6.507  154.225
   -6.818  154.540
   -7.293  154.927
   -7.293  154.927
   -6.858  154.730
   -6.423  154.533
   -5.901  154.545
   -5.581  154.592
   -5.240  154.978
   -4.887  154.992
   -4.550  154.955
   -4.283  154.700
   -3.948  154.359
   -3.612  154.256
   -3.327  154.035
   -3.041  153.882
   -2.688  153.711
   -2.604  153.542
   -2.436  153.390
   -2.200  153.119
   -2.150  152.916
   -2.134  152.578
   -1.865  152.155
   -1.646  151.816
   -1.460  151.427
   -1.308  151.089
   -1.224  150.717
   -1.123  150.344
   -1.021  150.023
   -1.005  149.769
   -0.818  149.481
   -0.650  149.270
   -0.650  149.270
   -0.457  148.913
   -0.392  148.724
   -0.409  148.344
   -0.426  147.859
   -0.275  147.354
   -0.294  147.059
   -0.290  146.595
   -0.349  145.919
   -0.473  145.497
   -0.534  145.033
   -0.742  144.357
   -0.951  143.808
   -1.160  143.260
   -1.454  142.922
   -1.916  142.626
   -2.462  142.394
   -2.693  142.246
   -2.693  142.246
   -2.814  142.449
   -2.932  142.633
   -3.018  142.936
   -3.053  143.172
   -3.156  143.508
   -3.460  143.743
   -3.460  143.743
   -3.531  144.368
   -3.550  144.807
   -3.485  145.399
   -3.471  146.110
   -3.438  146.415
   -3.755  146.836
   -3.641  146.918
   -3.514  146.999
   -3.385  147.083
   -3.261  147.162
   -3.152  147.241
   -3.053  147.325
   -2.962  147.407
   -2.909  147.478
   -2.881  147.539
   -2.879  147.605
   -2.813  147.816
   -2.922  147.983
   -3.026  148.123
   -3.141  148.329
   -3.222  148.499
   -3.306  148.675
   -3.395  148.878
   -3.466  149.089
   -3.522  149.295
   -3.544  149.453
   -3.570  149.603
   -3.580  149.717
   -3.592  149.773
   -3.618  149.816
   -3.617  149.817
   -3.491  149.913
   -3.372  150.034
   -3.274  150.135
   -3.202  150.249
   -3.141  150.352
   -3.093  150.436
   -3.061  150.509
   -3.051  150.560
   -3.047  150.616
   -3.085  150.615
   -3.163  150.634
   -3.235  150.683
   -3.295  150.732
   -3.329  150.789
   -3.348  150.824
   -3.331  150.879
   -3.372  150.931
   -3.419  150.982
   -3.476  151.021
   -3.547  151.095
   -3.587  151.142
   -3.602  151.204
   -3.607  151.250
   -3.656  151.301
   -3.656  151.301
   -3.706  151.375
   -3.754  151.428
   -3.665  151.563
   -3.769  151.675
   -3.720  151.814
   -3.677  151.929
   -3.649  151.987
   -3.636  152.038
   -3.666  152.132
   -3.739  152.226
   -3.822  152.328
   -3.903  152.415
   -3.974  152.478
   -4.039  152.557
   -4.130  152.616
   -4.188  152.662
   -4.603  152.927
   -5.018  153.193
   -5.361  153.403
   -5.704  153.614
   -6.046  153.823
   -6.265  153.930
   -6.265  153.930
