ND
    6.005  -78.008
    5.505  -77.910
    4.832  -78.080
    4.066  -78.342
    3.392  -78.662
    2.780  -79.165
    2.427  -79.478
    2.074  -79.791
    1.549  -80.292
    1.053  -80.574
    0.432  -80.887
   -0.284  -81.229
   -1.095  -81.415
   -1.814  -81.599
   -2.437  -81.532
   -3.000  -81.652
   -3.245  -81.599
   -3.245  -81.599
   -3.268  -81.302
   -3.264  -80.977
   -3.074  -80.575
   -2.883  -80.206
   -2.643  -79.803
   -2.472  -79.497
   -2.279  -79.225
   -1.994  -78.929
   -1.421  -78.667
   -0.748  -78.437
   -0.234  -78.193
    0.148  -78.005
    0.148  -78.005
    0.586  -77.707
    0.899  -77.332
    1.101  -76.922
    1.276  -76.574
    1.506  -76.254
    1.618  -75.989
    1.932  -75.774
    2.281  -75.433
    2.498  -75.210
    2.791  -74.875
    3.022  -74.589
    3.294  -74.345
    3.420  -74.101
    3.560  -73.927
    3.819  -73.815
    3.979  -73.780
    4.168  -73.592
    4.308  -73.326
    4.413  -73.130
    4.741  -72.920
    4.936  -72.773
    5.118  -72.633
    5.264  -72.353
    5.537  -72.198
    5.788  -72.149
    6.046  -72.079
    6.262  -71.924
    6.465  -71.903
    6.681  -71.889
    7.030  -72.050
    7.198  -72.071
    7.323  -72.064
    7.568  -72.359
    7.700  -72.437
    7.819  -72.246
    7.903  -72.091
    8.105  -71.915
    8.195  -71.795
    8.342  -71.696
    8.453  -71.456
    8.571  -71.208
    8.661  -71.081
    8.807  -70.925
    8.876  -70.727
    9.014  -70.514
    9.139  -70.358
    9.388  -70.081
    9.582  -69.875
    9.797  -69.696
    9.976  -69.511
   10.121  -69.297
   10.196  -69.140
   10.299  -68.976
   10.455  -68.670
   10.502  -68.507
   10.535  -68.350
   10.511  -68.131
   10.499  -67.961
   10.499  -67.961
   10.815  -68.087
   11.174  -68.379
   11.513  -68.730
   11.844  -69.024
   12.175  -69.348
   12.450  -69.594
   12.668  -69.863
   12.930  -70.183
   13.162  -70.496
   13.310  -70.659
   13.310  -70.659
   13.438  -70.953
   13.503  -71.195
   13.465  -71.840
   13.410  -72.428
   13.367  -72.916
   13.290  -73.303
   13.058  -73.632
   12.743  -73.874
   12.386  -74.058
   12.224  -74.307
   12.021  -74.476
   11.914  -74.796
   11.764  -75.123
   11.595  -75.370
   11.390  -75.631
   11.087  -75.905
   10.765  -76.064
   10.574  -76.275
   10.329  -76.456
   10.090  -76.594
    9.761  -76.703
    9.379  -76.706
    9.017  -76.701
    8.731  -76.684
    8.731  -76.684
    8.443  -76.906
    8.190  -77.149
    8.105  -77.331
    8.012  -77.534
    7.829  -77.707
    7.637  -78.013
    7.510  -78.228
    7.337  -78.646
    7.337  -78.646
    7.232  -78.715
    7.100  -78.762
    7.031  -78.747
    6.997  -78.698
    6.942  -78.599
    6.853  -78.542
    6.757  -78.443
    6.660  -78.400
    6.564  -78.336
    6.502  -78.265
    6.461  -78.195
    6.343  -78.151
    6.239  -78.129
    6.122  -78.086
    6.053  -78.050
    6.005  -78.008
    6.005  -78.008
