NH
  -13.779  166.154
  -13.828  166.161
  -13.991  166.204
  -14.181  166.234
  -14.345  166.250
  -14.421  166.252
  -14.559  166.268
  -14.686  166.271
  -14.889  166.262
  -15.041  166.213
  -15.130  166.228
  -15.244  166.217
  -15.345  166.193
  -15.434  166.209
  -15.560  166.225
  -15.674  166.227
  -15.799  166.270
  -15.887  166.285
  -15.975  166.340
  -16.087  166.395
  -16.187  166.450
  -16.300  166.506
  -16.438  166.562
  -16.538  166.604
  -16.625  166.659
  -16.737  166.728
  -16.836  166.810
  -16.987  166.868
  -17.098  166.950
  -17.209  167.059
  -17.307  167.155
  -17.395  167.171
  -17.521  167.215
  -17.634  167.245
  -17.759  167.275
  -17.922  167.320
  -18.022  167.350
  -18.147  167.394
  -18.247  167.424
  -18.360  167.455
  -18.485  167.486
  -18.611  167.504
  -18.712  167.521
  -18.886  167.607
  -19.048  167.680
  -19.236  167.727
  -19.372  167.812
  -19.533  167.886
  -19.632  167.943
  -19.769  168.003
  -19.893  168.075
  -20.003  168.160
  -20.090  168.191
  -20.201  168.263
  -20.325  168.335
  -20.474  168.396
  -20.646  168.512
  -20.782  168.585
  -20.893  168.645
  -21.016  168.705
  -21.102  168.776
  -21.261  168.879
  -21.420  168.996
  -21.506  169.054
  -21.640  169.143
  -21.725  169.215
  -21.823  169.288
  -21.909  169.320
  -21.980  169.419
  -22.052  169.491
  -22.124  169.577
  -22.230  169.719
  -22.350  169.835
  -22.445  169.950
  -22.516  170.036
  -22.587  170.109
  -22.644  170.221
  -22.702  170.321
  -22.759  170.420
  -22.827  170.547
  -22.884  170.660
  -22.917  170.745
  -22.949  170.842
  -22.968  170.939
  -23.000  171.037
  -23.030  171.162
  -23.072  171.288
  -23.091  171.385
  -23.110  171.496
  -23.127  171.620
  -23.146  171.703
  -23.149  171.854
  -23.155  171.950
  -23.173  172.060
  -23.176  172.197
  -23.171  172.278
  -23.177  172.361
  -23.178  172.439
  -23.178  172.439
  -23.069  172.783
  -23.007  173.040
  -22.834  173.212
  -22.835  173.606
  -22.488  174.034
  -22.488  174.034
  -22.236  174.056
  -21.841  174.090
  -21.578  174.112
  -21.357  174.115
  -21.148  174.119
  -21.140  173.379
  -20.995  173.383
  -20.837  173.380
  -20.625  173.384
  -20.377  173.351
  -20.086  173.335
  -19.890  173.360
  -19.662  173.398
  -19.430  173.429
  -19.221  173.439
  -18.999  173.453
  -18.774  173.447
  -18.520  173.425
  -18.532  173.251
  -18.238  173.409
  -17.962  173.550
  -17.680  173.660
  -17.490  173.744
  -17.163  173.880
  -16.849  173.901
  -16.849  173.901
  -16.798  173.788
  -16.713  173.718
  -16.614  173.669
  -16.497  173.593
  -16.259  173.455
  -16.151  173.567
  -16.027  173.531
  -15.922  173.485
  -15.779  173.400
  -15.697  173.555
  -15.605  173.539
  -15.567  173.516
  -15.504  173.464
  -15.437  173.428
  -15.361  173.388
  -15.234  173.359
  -15.154  173.346
  -15.081  173.320
  -14.992  173.294
  -14.897  173.259
  -14.770  173.210
  -14.669  173.178
  -14.510  173.139
  -14.294  173.019
  -13.965  172.881
  -13.693  172.740
  -13.411  172.571
  -13.411  172.571
  -13.435  172.434
  -13.481  172.300
  -13.569  172.163
  -13.678  171.972
  -13.750  171.619
  -13.793  171.296
  -14.066  171.295
  -14.083  171.181
  -14.093  170.945
  -14.088  170.642
  -13.942  170.638
  -13.974  170.150
  -13.954  169.739
  -13.824  169.739
  -13.808  169.622
  -13.811  169.456
  -13.800  169.231
  -13.651  169.234
  -13.639  169.026
  -13.630  168.792
  -13.602  168.577
  -13.514  168.596
  -13.515  168.159
  -13.649  167.157
  -13.779  166.154
  -13.779  166.154
