NI
  -14.534 -173.836
  -14.379 -174.083
  -14.334 -174.754
  -14.407 -175.309
  -14.478 -175.865
  -14.634 -176.346
  -14.634 -176.346
  -14.780 -176.339
  -14.904 -176.319
  -15.050 -176.331
  -15.184 -176.341
  -15.312 -176.387
  -15.419 -176.462
  -15.489 -176.526
  -15.604 -176.660
  -15.559 -177.130
  -15.559 -177.130
  -15.710 -177.248
  -15.807 -177.384
  -15.899 -177.493
  -15.961 -177.575
  -16.024 -177.634
  -16.107 -177.664
  -16.177 -177.678
  -16.320 -177.513
  -16.437 -177.364
  -16.575 -177.201
  -16.725 -177.068
  -16.877 -176.921
  -17.034 -176.820
  -17.219 -176.713
  -17.399 -176.625
  -17.574 -176.532
  -17.731 -176.462
  -17.873 -176.403
  -18.055 -176.304
  -18.131 -176.297
  -18.267 -176.330
  -18.307 -176.346
  -18.472 -176.440
  -18.600 -176.511
  -18.686 -176.551
  -18.768 -176.584
  -18.836 -176.587
  -18.975 -176.570
  -19.217 -176.549
  -19.387 -175.979
  -19.387 -175.979
  -19.704 -175.210
  -19.459 -175.189
  -19.225 -175.155
  -19.002 -175.095
  -18.788 -175.035
  -18.605 -174.956
  -18.416 -174.870
  -18.231 -174.757
  -18.035 -174.659
  -17.842 -174.568
  -17.630 -174.560
  -17.612 -174.597
  -17.360 -174.571
  -17.320 -174.599
  -17.101 -174.565
  -17.066 -174.523
  -16.874 -174.529
  -16.735 -174.535
  -16.597 -174.550
  -16.355 -174.576
  -16.201 -174.569
  -16.052 -174.568
  -15.936 -174.601
  -15.880 -174.870
  -15.739 -174.866
  -15.616 -174.822
  -15.471 -174.731
  -15.370 -174.667
  -15.251 -174.567
  -15.314 -174.264
  -15.133 -174.188
  -15.015 -174.139
  -14.895 -174.077
  -14.767 -174.007
  -14.629 -173.905
  -14.534 -173.836
  -14.534 -173.836
