nb
  -54.852   -0.438
  -54.677   -0.039
  -54.451    0.443
  -54.832    0.965
  -54.399    1.695
  -54.037    2.360
  -53.651    3.025
  -53.834    3.369
  -54.127    3.956
  -54.430    4.415
  -54.162    4.827
  -54.309    5.084
  -54.543    5.495
  -54.114    6.184
  -53.814    6.625
  -54.101    7.237
  -54.396    7.772
  -54.396    7.772
  -54.033    8.288
  -53.668    8.799
  -53.233    9.429
  -52.792    9.993
  -53.066   10.542
  -53.332   10.975
  -52.783   11.708
  -52.375   12.299
  -51.963   12.895
  -52.141   13.204
  -52.477   13.788
  -51.997   14.463
  -52.307   15.112
  -52.084   15.428
  -51.787   15.822
  -52.169   16.907
  -52.467   17.806
  -52.734   18.537
  -52.553   18.712
  -52.817   19.994
  -52.909   21.250
  -53.051   22.504
  -53.098   23.075
  -53.200   23.021
  -53.309   23.886
  -53.422   24.685
  -53.345   24.873
  -53.345   24.873
  -53.444   25.180
  -53.410   25.648
  -53.480   25.861
  -53.582   25.987
  -53.429   26.181
  -53.065   26.338
  -52.620   26.513
  -52.378   26.713
  -52.547   27.322
  -52.673   27.370
  -52.771   27.480
  -52.904   28.111
  -52.540   28.312
  -52.277   28.403
  -51.772   28.605
  -51.137   28.969
  -50.507   29.343
  -49.934   29.712
  -49.611   30.006
  -49.215   30.362
  -49.011   30.705
  -48.587   31.008
  -48.163   31.306
  -47.682   31.588
  -47.201   31.865
  -47.000   32.126
  -46.998   32.125
  -46.191   32.663
  -45.382   33.171
  -44.561   33.678
  -43.747   34.157
  -42.931   34.636
  -42.103   35.090
  -42.103   35.090
  -41.254   35.528
  -40.403   35.955
  -39.550   36.371
  -38.696   36.777
  -37.840   37.174
  -36.984   37.562
  -36.433   36.721
  -35.876   35.892
  -35.314   35.075
  -34.746   34.269
  -34.173   33.474
  -33.595   32.690
  -33.012   31.916
  -32.425   31.153
  -31.832   30.400
  -31.236   29.656
  -30.635   28.922
  -29.849   28.341
  -29.849   28.341
  -29.454   28.054
  -29.060   27.769
  -28.625   27.179
  -28.187   26.594
  -27.477   26.595
  -26.768   26.596
  -26.474   27.253
  -26.177   27.905
  -25.733   27.800
  -25.291   27.696
  -24.847   27.592
  -24.404   27.489
  -23.928   27.944
  -23.450   28.396
  -22.971   28.844
  -22.491   29.290
  -22.352   29.770
  -22.212   30.250
  -22.071   30.729
  -21.928   31.207
  -21.784   31.684
  -21.639   32.160
  -21.492   32.636
  -21.344   33.110
  -20.512   33.196
  -19.681   33.282
  -19.350   33.613
  -19.019   33.943
  -18.688   34.272
  -18.356   34.599
  -17.976   35.200
  -17.404   35.200
  -16.833   35.199
  -16.334   34.901
  -15.834   34.604
  -15.191   34.729
  -14.549   34.852
  -13.859   34.461
  -13.167   34.071
  -12.406   34.172
  -11.717   34.441
  -11.027   34.709
  -10.455   34.081
   -9.598   33.818
   -8.741   33.556
   -8.643   33.099
   -8.546   32.643
   -8.162   32.117
   -7.778   31.592
   -7.631   31.042
   -7.483   30.493
   -6.791   30.046
   -6.099   29.600
   -5.625   29.604
   -5.151   29.608
   -4.557   29.280
   -3.962   28.953
   -3.134   28.910
   -2.306   28.868
   -1.809   29.130
   -1.313   29.392
   -0.626   29.630
    0.060   29.867
    0.749   30.246
    1.437   30.625
    1.960   31.122
    2.483   31.620
    2.648   31.049
    2.812   30.478
    3.524   30.475
    4.235   30.471
    4.477   31.279
    5.097   31.753
    5.717   32.227
    5.630   32.736
    5.543   33.244
    5.455   33.752
    5.366   34.260
    5.277   34.767
    5.188   35.275
    5.099   35.782
    5.009   36.290
    5.484   36.601
    5.958   36.914
    5.956   37.583
    6.477   37.849
    6.998   38.115
    7.447   38.477
    7.895   38.841
    8.296   39.157
    8.696   39.473
    9.071   39.790
    9.446   40.107
    9.796   40.449
   10.146   40.792
   10.732   41.117
   11.317   41.442
   11.577   42.033
   11.577   42.033
   12.189   41.649
   11.811   41.206
   12.206   40.857
   12.600   40.507
   13.209   40.091
   13.742   40.614
   14.300   40.275
   14.719   40.026
   15.138   39.777
   15.772   39.671
   16.304   40.172
   16.785   40.251
   17.266   40.331
   17.949   39.987
   18.419   39.590
   19.030   39.298
   19.030   39.298
   19.448   38.826
   19.907   38.396
   20.389   38.075
   21.021   37.975
   21.843   37.825
   22.494   37.540
   23.226   37.042
   23.639   36.571
   24.133   36.407
   24.626   36.242
   25.055   36.066
   25.484   35.889
   25.919   35.546
   26.353   35.200
   26.808   34.875
   27.262   34.547
   27.885   34.257
   28.414   34.428
   28.943   34.601
   29.472   34.776
   30.000   34.952
   30.000   34.952
   30.703   35.142
   31.383   35.309
   32.004   35.470
   32.755   35.571
   33.233   35.648
   33.710   35.726
   34.096   36.024
   34.482   36.325
   35.285   36.396
   35.752   36.431
   36.023   36.413
   36.023   36.413
   35.689   35.791
   35.405   35.362
   35.091   34.900
   34.785   34.500
   34.505   34.054
   34.302   33.735
   34.290   33.101
   34.390   32.668
   34.487   32.172
   34.634   31.740
   34.826   31.256
   34.991   30.793
   35.154   30.221
   35.427   29.731
   35.427   29.731
   35.425   29.345
   35.378   29.070
   35.312   28.779
   35.127   28.478
   34.870   28.050
   34.706   27.684
   34.335   27.227
   34.198   26.465
   34.249   25.577
   34.340   24.593
   34.628   23.874
   34.990   23.399
   35.437   22.866
   35.742   22.375
   35.933   21.893
   36.216   21.599
   36.629   21.327
   37.098   20.760
   37.804   20.300
   37.804   20.300
   37.907   20.000
   37.907   20.000
   38.272   19.584
   38.694   18.895
   38.947   18.364
   39.170   17.960
   39.170   17.960
   39.006   18.062
   38.794   18.086
   38.516   18.031
   38.462   17.845
   38.285   17.773
   37.993   17.612
   37.701   17.419
   37.503   17.168
   37.398   16.824
   37.309   16.236
   37.274   15.832
   37.340   15.375
   37.340   15.375
   37.615   15.344
   37.886   15.421
   38.114   15.551
   38.299   15.639
   38.401   15.499
   38.292   15.175
   38.765   14.514
   38.765   14.514
   38.695   14.114
   38.625   13.812
   38.611   13.314
   38.600   12.708
   38.849   12.434
   38.878   12.057
   38.934   11.778
   39.033   11.659
   39.075   11.363
   39.067   11.118
   38.994   10.827
   38.821   10.609
   38.685   10.373
   38.685   10.373
   38.572   10.089
   38.470    9.700
   38.341    9.264
   38.212    8.942
   37.790    8.627
   37.468    8.265
   37.358    7.805
   37.320    7.215
   37.322    6.784
   37.322    6.784
   37.154    5.974
   37.082    5.142
   36.969    4.297
   36.851    3.454
   36.594    2.380
   36.503    1.970
   36.282    1.245
   36.072    0.667
   35.904    0.003
   35.776   -0.748
   35.771   -1.516
   35.898   -1.992
   36.105   -2.573
   36.018   -2.893
   35.858   -3.296
   35.596   -3.749
   35.014   -3.782
   34.199   -4.056
   34.068   -4.706
   34.078   -5.072
   33.985   -5.397
   34.019   -5.808
   34.263   -6.000
   34.517   -6.040
   34.784   -6.064
   35.063   -6.730
   35.273   -7.193
   35.667   -8.031
   36.051   -8.785
   36.430   -9.545
   36.651   -9.977
   36.392  -10.429
   36.098  -10.923
   35.851  -11.585
   36.328  -12.142
   36.864  -12.903
   37.395  -13.675
   37.210  -14.411
   37.021  -15.143
   37.212  -15.386
   37.297  -15.841
   37.435  -16.742
   37.503  -17.584
   37.466  -18.124
   37.307  -18.618
   37.025  -19.682
   36.954  -20.240
   36.881  -20.797
   36.820  -21.507
   36.754  -22.216
   36.702  -22.893
   36.646  -23.570
   36.755  -24.046
   36.788  -24.146
   36.781  -24.255
   36.792  -24.311
   36.863  -24.385
   36.910  -24.434
   36.971  -24.500
   37.017  -24.554
   37.095  -24.634
   37.127  -24.680
   37.217  -24.750
   37.273  -24.738
   37.352  -24.702
   37.411  -24.667
   37.467  -24.733
   37.500  -24.775
   37.533  -24.816
   37.552  -24.845
   37.584  -24.892
   37.609  -24.931
   37.644  -24.983
   37.646  -25.101
   37.769  -25.267
   37.663  -25.355
   37.718  -25.427
   37.752  -25.464
   37.818  -25.538
   37.722  -25.633
   37.790  -25.698
   37.816  -25.734
   37.878  -25.808
   37.839  -25.916
   37.935  -26.043
   37.965  -26.075
   38.036  -26.171
   38.047  -26.302
   38.116  -26.379
   38.149  -26.417
   38.222  -26.494
   38.255  -26.532
   38.324  -26.614
   38.358  -26.647
   38.420  -26.718
   38.278  -26.830
   38.360  -26.901
   38.400  -26.941
   38.464  -27.007
   38.491  -27.029
   38.571  -27.090
   38.607  -27.129
   38.666  -27.174
   38.700  -27.203
   38.780  -27.239
   38.782  -27.484
   38.836  -27.559
   38.864  -27.606
   38.914  -27.680
   38.942  -27.722
   39.000  -27.793
   39.004  -27.955
   38.983  -28.059
   38.968  -28.120
   38.952  -28.215
   38.939  -28.292
   38.993  -28.342
   39.020  -28.365
   39.058  -28.395
   39.093  -28.420
   39.134  -28.452
   39.156  -28.484
   39.130  -28.567
   39.121  -28.619
   39.179  -28.666
   39.214  -28.686
   39.263  -28.745
   39.299  -28.781
   39.373  -28.853
   39.412  -28.895
   39.379  -28.951
   39.366  -28.982
   39.338  -29.049
   39.323  -29.090
   39.294  -29.147
   39.279  -29.188
   39.250  -29.260
   39.255  -29.297
   39.315  -29.335
   39.400  -29.770
   39.400  -29.770
   39.387  -29.909
   38.888  -30.171
   38.388  -30.430
   38.403  -30.605
   37.680  -31.071
   37.705  -31.371
   37.282  -31.516
   37.392  -32.283
   37.137  -32.395
   37.176  -32.646
   37.033  -32.708
   37.065  -32.943
   36.916  -33.005
   36.941  -33.225
   36.691  -33.313
   36.742  -33.595
   36.185  -33.772
   36.221  -33.982
   36.071  -34.057
   36.079  -34.142
   35.616  -34.335
   35.625  -34.459
   35.010  -34.746
   35.148  -35.558
   35.280  -36.373
   34.693  -36.623
   34.712  -36.785
   34.554  -36.862
   34.567  -37.046
   34.124  -37.245
   34.136  -37.336
   33.705  -37.533
   33.736  -37.678
   33.501  -37.797
   33.637  -38.597
   33.768  -39.399
   33.067  -39.586
   33.084  -39.700
   32.444  -40.129
   31.802  -40.553
   31.817  -40.710
   31.194  -41.184
   31.237  -41.430
   30.606  -41.786
   29.973  -42.136
   30.070  -42.729
   29.471  -43.037
   29.469  -43.088
   28.802  -43.483
   28.811  -43.563
   28.105  -43.942
   28.107  -44.022
   27.671  -44.203
   27.235  -44.383
   27.254  -44.506
   26.767  -44.687
   26.280  -44.867
   26.270  -44.816
   26.055  -44.899
   26.081  -45.092
   25.637  -45.296
   25.192  -45.499
   25.254  -45.791
   24.590  -46.119
   24.597  -46.196
   23.917  -46.476
   23.784  -45.699
   23.646  -44.925
   22.963  -45.024
   22.973  -45.066
   22.390  -45.157
   21.806  -45.248
   21.822  -45.385
   21.247  -45.515
   21.222  -45.419
   20.596  -45.557
   20.618  -45.774
   19.802  -45.940
   19.823  -46.002
   19.377  -46.093
   18.932  -46.184
   18.935  -46.224
   18.422  -46.318
   18.422  -46.391
   17.588  -46.520
   17.566  -46.407
   17.087  -46.498
   16.607  -46.589
   16.587  -46.529
   16.019  -46.648
   15.451  -46.766
   15.451  -46.766
   15.360  -45.947
   15.267  -45.130
   14.647  -45.136
   14.026  -45.142
   13.992  -45.061
   13.336  -45.049
   12.680  -45.037
   12.626  -44.262
   12.101  -44.278
   12.085  -43.885
   11.506  -43.903
   10.927  -43.921
   10.905  -43.448
   10.883  -42.976
   10.860  -42.504
   10.836  -42.031
   10.812  -41.559
   10.787  -41.087
    9.979  -41.083
    9.973  -40.861
    9.389  -40.865
    9.373  -40.640
    8.841  -40.652
    8.815  -40.120
    8.215  -40.141
    8.197  -39.661
    8.179  -39.181
    8.159  -38.701
    8.140  -38.221
    7.703  -38.206
    7.679  -37.536
    7.654  -36.865
    7.401  -36.851
    7.363  -36.058
    7.023  -36.047
    6.935  -35.367
    6.614  -35.363
    6.616  -34.494
    6.618  -33.624
    6.104  -33.620
    6.076  -33.514
    5.649  -33.507
    5.647  -32.978
    4.804  -32.920
    3.960  -32.862
    3.986  -32.387
    4.011  -31.912
    4.036  -31.437
    4.061  -30.962
    3.255  -30.887
    2.449  -30.811
    1.643  -30.736
    1.607  -30.027
    0.797  -29.920
    0.849  -29.210
    0.953  -28.346
    1.007  -27.831
    1.062  -27.315
    1.159  -26.474
    0.498  -26.289
    0.556  -25.659
    0.614  -25.029
   -0.245  -24.821
   -1.103  -24.612
   -1.034  -24.051
   -0.964  -23.490
   -0.880  -22.936
   -0.796  -22.381
   -0.680  -21.544
   -0.588  -21.017
   -0.497  -20.490
   -0.333  -19.675
   -0.176  -18.850
   -0.073  -18.369
    0.031  -17.889
    0.150  -17.323
    0.269  -16.757
    0.299  -16.498
   -0.556  -16.252
   -0.520  -16.037
   -1.143  -15.841
   -1.073  -15.565
   -1.493  -15.410
   -1.301  -14.659
   -1.108  -13.909
   -0.915  -13.158
   -1.507  -12.930
   -2.099  -12.701
   -1.945  -12.164
   -2.400  -11.999
   -2.855  -11.834
   -3.013  -12.029
   -3.493  -11.898
   -3.972  -11.765
   -4.103  -12.097
   -4.587  -12.039
   -4.609  -12.145
   -5.026  -12.018
   -4.942  -11.604
   -5.415  -11.516
   -5.377  -11.167
   -5.930  -11.022
   -6.020  -11.267
   -6.755  -11.181
   -6.961  -11.993
   -7.165  -12.807
   -7.367  -13.621
   -7.889  -13.489
   -8.411  -13.357
   -8.374  -13.191
   -9.225  -13.023
   -9.276  -13.248
   -9.794  -13.166
   -9.825  -13.315
  -10.623  -13.174
  -11.421  -13.031
  -11.539  -13.524
  -11.655  -14.018
  -11.771  -14.511
  -11.885  -15.006
  -12.339  -14.908
  -12.320  -14.861
  -12.656  -14.791
  -12.577  -14.550
  -13.218  -14.410
  -13.265  -14.600
  -13.737  -14.539
  -14.208  -14.478
  -14.036  -13.643
  -14.849  -13.435
  -15.663  -13.226
  -15.688  -13.383
  -16.212  -13.239
  -16.323  -13.770
  -16.433  -14.302
  -16.765  -14.238
  -16.777  -14.369
  -17.386  -14.224
  -17.995  -14.079
  -17.893  -13.519
  -17.790  -12.960
  -18.287  -12.860
  -18.785  -12.759
  -18.747  -12.477
  -19.341  -12.370
  -19.935  -12.263
  -19.825  -11.945
  -20.278  -11.852
  -20.299  -11.971
  -21.176  -11.763
  -21.209  -12.007
  -21.735  -11.850
  -21.752  -11.936
  -22.153  -11.819
  -22.267  -12.364
  -22.379  -12.910
  -22.630  -12.851
  -22.730  -13.340
  -22.829  -13.829
  -23.544  -13.664
  -23.514  -13.570
  -24.146  -13.426
  -24.777  -13.280
  -24.887  -13.811
  -25.648  -13.663
  -25.738  -14.049
  -26.586  -13.816
  -26.564  -13.690
  -27.443  -13.482
  -28.321  -13.272
  -28.213  -12.746
  -28.941  -12.533
  -28.941  -12.533
  -29.098  -13.262
  -29.251  -13.990
  -29.852  -13.820
  -29.828  -13.716
  -30.491  -13.543
  -31.157  -13.367
  -31.179  -13.499
  -31.661  -13.371
  -32.143  -13.245
  -32.275  -13.883
  -32.400  -14.523
  -32.898  -14.446
  -33.499  -14.367
  -33.569  -14.702
  -34.043  -14.515
  -34.238  -15.274
  -34.690  -15.083
  -34.770  -15.266
  -35.182  -15.100
  -35.343  -16.027
  -35.499  -16.962
  -35.663  -17.703
  -36.068  -17.419
  -36.472  -17.085
  -36.562  -17.440
  -36.944  -17.333
  -37.374  -17.233
  -37.472  -17.533
  -38.025  -17.388
  -38.447  -17.050
  -38.401  -16.799
  -38.558  -16.361
  -38.883  -16.044
  -39.352  -15.965
  -39.681  -15.922
  -39.790  -16.415
  -40.273  -16.470
  -40.366  -16.867
  -40.790  -16.817
  -41.176  -16.744
  -41.519  -16.678
  -41.806  -16.332
  -42.338  -16.215
  -42.868  -16.430
  -42.868  -16.430
  -43.387  -16.330
  -43.684  -16.244
  -44.132  -16.086
  -44.580  -15.924
  -45.028  -15.760
  -45.476  -15.594
  -45.371  -14.894
  -45.898  -14.716
  -45.797  -13.810
  -46.688  -13.572
  -47.578  -13.325
  -47.471  -12.610
  -47.361  -11.898
  -47.245  -11.189
  -47.126  -10.483
  -47.649  -10.296
  -48.172  -10.104
  -48.694   -9.909
  -49.216   -9.710
  -49.091   -8.922
  -48.961   -8.139
  -49.283   -8.022
  -49.270   -7.961
  -50.059   -7.638
  -50.001   -7.433
  -50.610   -7.159
  -50.417   -6.160
  -50.216   -5.169
  -50.675   -4.943
  -51.133   -4.713
  -51.591   -4.478
  -52.049   -4.238
  -51.979   -3.956
  -52.764   -3.447
  -53.547   -2.920
  -54.327   -2.372
  -54.053   -1.382
  -54.453   -0.915
  -54.852   -0.438
  -54.852   -0.438
  -54.852   -0.438
