nz
  -34.545 -109.259
  -35.132 -108.797
  -35.240 -108.071
  -35.344 -107.343
  -35.394 -106.666
  -35.439 -105.988
  -35.524 -105.391
  -35.605 -104.793
  -35.694 -103.998
  -35.778 -103.202
  -35.854 -102.565
  -35.927 -101.926
  -35.997 -101.286
  -36.063 -100.645
  -36.133  -99.532
  -36.193  -98.417
  -36.294  -97.402
  -36.871  -97.413
  -36.921  -96.552
  -36.965  -95.689
  -36.985  -94.909
  -37.001  -94.130
  -37.717  -94.093
  -38.482  -93.996
  -38.429  -93.075
  -38.967  -93.022
  -38.918  -92.340
  -38.866  -91.658
  -39.349  -91.603
  -39.833  -91.548
  -40.282  -91.512
  -40.732  -91.476
  -41.102  -91.391
  -41.082  -90.739
  -41.059  -90.088
  -41.432  -90.054
  -41.378  -89.250
  -41.319  -88.447
  -41.273  -87.417
  -41.521  -87.336
  -41.392  -86.240
  -41.253  -85.148
  -41.191  -84.487
  -41.125  -83.827
  -41.674  -83.716
  -42.222  -83.604
  -42.873  -83.454
  -42.981  -83.448
  -42.861  -82.509
  -43.639  -82.351
  -44.404  -82.138
  -44.964  -81.935
  -44.876  -81.106
  -44.782  -80.281
  -44.666  -79.586
  -44.545  -78.893
  -44.411  -78.207
  -45.092  -77.990
  -45.589  -77.764
  -45.761  -77.661
  -45.643  -76.675
  -45.658  -76.006
  -45.658  -76.006
  -44.849  -75.821
  -44.051  -75.782
  -43.648  -75.632
  -42.972  -75.558
  -42.285  -75.402
  -41.826  -75.397
  -41.367  -75.392
  -40.863  -75.189
  -40.359  -75.195
  -39.813  -75.128
  -39.564  -75.150
  -39.068  -74.988
  -38.542  -74.836
  -38.138  -74.655
  -37.563  -74.596
  -36.725  -74.442
  -36.165  -74.262
  -35.578  -73.897
  -34.888  -73.675
  -34.290  -73.246
  -33.837  -72.938
  -33.358  -72.861
  -32.742  -72.889
  -32.319  -72.762
  -31.531  -72.678
  -30.965  -72.618
  -30.190  -72.600
  -29.536  -72.555
  -28.901  -72.433
  -28.278  -72.170
  -27.755  -71.958
  -27.248  -71.847
  -26.652  -71.752
  -25.840  -71.628
  -25.093  -71.524
  -24.263  -71.466
  -23.523  -71.389
  -22.758  -71.347
  -21.965  -71.307
  -21.965  -71.307
  -21.262  -71.249
  -20.758  -71.323
  -20.249  -71.362
  -19.811  -71.487
  -19.298  -71.746
  -18.721  -72.266
  -18.257  -72.737
  -17.747  -73.400
  -17.373  -73.949
  -16.823  -74.609
  -16.330  -75.292
  -15.736  -75.916
  -15.736  -75.916
  -15.219  -76.403
  -14.843  -76.765
  -14.467  -77.125
  -13.914  -77.639
  -13.387  -78.148
  -13.014  -78.407
  -12.641  -78.665
  -11.890  -79.147
  -11.291  -79.618
  -10.560  -79.997
   -9.921  -80.368
   -9.434  -80.701
   -8.665  -81.041
   -7.988  -81.375
   -7.306  -81.549
   -6.655  -81.784
   -6.003  -81.954
   -5.253  -81.999
   -4.504  -82.010
   -3.721  -81.926
   -3.245  -81.599
   -3.245  -81.599
   -3.000  -81.652
   -2.437  -81.532
   -1.814  -81.599
   -1.095  -81.415
   -0.284  -81.229
    0.432  -80.887
    1.053  -80.574
    1.549  -80.292
    2.074  -79.791
    2.427  -79.478
    2.780  -79.165
    3.392  -78.662
    4.066  -78.342
    4.832  -78.080
    5.505  -77.910
    6.005  -78.008
    6.005  -78.008
    6.053  -78.050
    6.122  -78.086
    6.239  -78.129
    6.343  -78.151
    6.461  -78.195
    6.502  -78.265
    6.564  -78.336
    6.660  -78.400
    6.757  -78.443
    6.853  -78.542
    6.942  -78.599
    6.997  -78.698
    7.031  -78.747
    7.100  -78.762
    7.232  -78.715
    7.337  -78.646
    7.337  -78.646
    7.329  -78.751
    7.319  -78.982
    7.301  -79.240
    7.228  -79.470
    7.184  -79.658
    7.160  -79.846
    7.101  -80.096
    7.133  -80.250
    7.133  -80.250
    7.221  -80.363
    7.335  -80.539
    7.415  -80.687
    7.358  -80.784
    7.294  -80.894
    7.222  -81.038
    7.172  -81.163
    7.099  -81.342
    7.055  -81.487
    7.039  -81.584
    7.061  -81.741
    7.061  -81.741
    6.978  -81.889
    6.950  -81.944
    6.967  -82.090
    7.008  -82.125
    7.041  -82.202
    7.129  -82.273
    7.251  -82.338
    7.296  -82.492
    7.307  -82.617
    7.278  -82.686
    7.283  -82.748
    7.303  -82.811
    7.366  -82.875
    7.366  -82.875
    7.118  -82.875
    6.562  -82.875
    5.833  -82.875
    5.054  -82.875
    4.563  -82.875
    4.072  -82.875
    3.595  -82.875
    3.118  -82.806
    3.165  -83.378
    3.139  -83.922
    3.112  -84.467
    2.534  -84.567
    2.066  -84.571
    1.598  -84.576
    1.644  -85.349
    0.832  -85.386
    0.880  -86.266
    0.929  -87.145
    0.977  -88.025
    1.025  -88.904
    1.073  -89.784
    1.120  -90.663
    1.736  -90.697
    1.817  -91.561
    2.011  -91.538
    1.990  -92.118
    2.200  -92.090
    2.227  -92.245
    2.300  -92.928
    2.372  -93.611
    2.440  -94.404
    2.507  -95.198
    2.222  -95.224
    2.238  -96.120
    1.873  -96.175
    1.886  -96.880
    1.898  -97.585
    2.088  -97.551
    2.077  -97.846
    2.145  -98.367
    2.213  -98.889
    2.112  -98.918
    2.190  -99.657
    2.269  -99.739
    2.269  -99.739
    2.273  -99.811
    2.272  -99.913
    2.300 -100.047
    2.207 -100.066
    2.207 -100.394
    2.204 -100.644
    2.210 -101.067
    2.199 -101.196
    2.241 -101.203
    2.232 -101.512
    2.232 -101.512
    2.160 -101.438
    2.104 -101.356
    2.049 -101.270
    1.980 -101.149
    1.906 -101.049
    1.832 -100.974
    1.743 -100.908
    1.679 -100.973
    1.655 -100.964
    1.514 -101.074
    1.471 -101.047
    1.386 -101.153
    1.423 -101.195
    1.350 -101.315
    1.399 -101.348
    1.338 -101.423
    1.389 -101.487
    1.318 -101.580
    1.404 -101.644
    1.334 -101.825
    1.269 -101.959
    1.206 -102.082
    1.134 -102.181
    1.134 -102.181
    0.713 -102.240
    0.706 -102.210
    0.372 -102.253
    0.157 -102.294
   -0.015 -102.319
   -0.015 -102.319
   -0.503 -102.397
   -1.283 -102.524
   -1.283 -102.399
   -1.533 -102.462
   -1.596 -102.307
   -1.907 -102.402
   -1.906 -102.621
   -2.436 -102.687
   -2.934 -102.754
   -2.936 -102.566
   -3.435 -102.571
   -4.056 -102.735
   -3.951 -103.637
   -3.844 -104.539
   -4.152 -104.699
   -4.078 -105.380
   -4.569 -105.544
   -4.494 -106.253
   -5.043 -106.450
   -5.624 -106.587
   -5.620 -106.741
   -6.019 -106.752
   -6.016 -106.845
   -6.443 -106.950
   -6.367 -107.441
   -6.759 -107.607
   -7.186 -107.653
   -7.514 -107.880
   -8.240 -108.063
   -8.357 -108.192
   -9.145 -108.320
   -9.035 -109.038
   -8.925 -109.756
   -9.677 -109.857
   -9.665 -110.071
  -10.080 -110.218
  -10.802 -110.292
  -10.822 -110.447
  -11.394 -110.485
  -11.472 -110.675
  -11.968 -110.926
  -12.742 -111.077
  -12.755 -110.892
  -13.411 -111.007
  -13.396 -111.191
  -13.541 -111.266
  -13.464 -111.846
  -13.386 -112.426
  -13.865 -112.439
  -14.062 -112.581
  -14.718 -112.613
  -14.704 -112.766
  -15.248 -112.869
  -15.792 -112.973
  -16.351 -113.066
  -16.361 -112.973
  -16.670 -113.165
  -16.683 -113.041
  -17.052 -113.241
  -17.065 -113.117
  -17.521 -113.329
  -17.538 -113.174
  -17.994 -113.388
  -18.008 -113.264
  -18.444 -113.383
  -18.758 -113.520
  -18.777 -113.364
  -19.285 -113.623
  -19.301 -113.498
  -19.968 -113.697
  -20.321 -113.796
  -20.575 -113.931
  -20.599 -114.087
  -21.121 -114.229
  -21.564 -114.318
  -21.627 -114.379
  -22.114 -114.421
  -22.114 -114.421
  -22.106 -114.125
  -22.102 -113.906
  -22.126 -113.610
  -22.223 -113.280
  -22.407 -112.934
  -22.619 -112.575
  -22.821 -112.208
  -23.016 -111.924
  -23.209 -111.741
  -23.327 -111.871
  -23.475 -111.864
  -23.727 -111.832
  -23.860 -111.763
  -24.032 -111.713
  -24.110 -112.098
  -24.222 -112.123
  -24.448 -112.103
  -24.659 -112.048
  -24.891 -111.977
  -25.027 -111.978
  -25.059 -112.453
  -25.198 -112.443
  -25.429 -112.388
  -25.564 -112.366
  -25.664 -112.364
  -25.683 -112.437
  -25.786 -112.455
  -25.787 -112.541
  -25.926 -112.550
  -25.934 -112.620
  -26.038 -112.672
  -26.282 -112.683
  -26.554 -112.658
  -26.801 -112.684
  -26.724 -112.947
  -26.830 -112.976
  -26.830 -112.976
  -27.014 -113.112
  -27.273 -113.129
  -27.577 -113.133
  -27.607 -113.001
  -27.849 -112.971
  -28.129 -112.955
  -28.379 -112.934
  -28.383 -113.010
  -28.549 -113.021
  -28.787 -113.020
  -29.009 -112.956
  -29.160 -112.367
  -29.266 -111.806
  -29.579 -111.749
  -30.025 -111.773
  -30.187 -111.775
  -30.425 -111.797
  -30.624 -111.851
  -30.666 -111.885
  -31.045 -111.951
  -31.386 -111.978
  -31.390 -111.964
  -31.536 -112.023
  -31.536 -112.023
  -31.556 -111.660
  -31.564 -111.202
  -31.715 -110.687
  -31.920 -110.210
  -32.115 -109.791
  -32.400 -109.435
  -32.661 -109.206
  -32.937 -108.972
  -33.020 -109.183
  -33.140 -109.410
  -33.392 -109.323
  -33.702 -109.205
  -33.917 -109.270
  -34.204 -109.277
  -34.545 -109.259
  -34.545 -109.259
