OK
   34.213  141.883
   34.666  141.992
   34.889  142.029
   35.164  142.067
   35.217  142.170
   35.333  142.221
   35.503  142.325
   35.673  142.460
   35.944  142.555
   36.001  142.606
   36.064  142.681
   36.188  142.761
   36.264  142.887
   36.339  143.020
   36.520  143.151
   36.649  143.275
   36.860  143.408
   37.059  143.518
   37.290  143.637
   37.479  143.743
   37.710  143.843
   37.928  143.888
   38.166  143.928
   38.358  143.973
   38.536  144.017
   38.709  144.061
   38.909  144.119
   39.123  144.189
   39.374  144.203
   39.557  144.236
   39.767  144.225
   39.928  144.254
   40.067  144.283
   40.203  144.328
   40.367  144.399
   40.549  144.479
   40.847  144.454
   40.847  144.454
   41.319  145.077
   41.788  145.710
   42.076  146.198
   42.362  146.690
   42.685  147.345
   43.208  148.340
   43.721  149.311
   44.187  150.339
   44.447  150.877
   44.704  151.419
   45.158  152.240
   45.529  152.880
   45.897  153.528
   46.440  154.195
   46.853  154.664
   47.263  155.141
   47.725  155.742
   48.183  156.353
   48.659  157.024
   49.107  157.568
   49.552  158.121
   49.855  158.644
   50.154  159.174
   50.855  159.877
   51.488  160.599
   52.159  160.945
   52.654  161.584
   53.003  162.458
   53.625  162.790
   54.347  163.282
   54.779  163.670
   55.209  164.066
   55.209  164.066
   55.817  163.340
   56.420  162.592
   56.836  162.960
   57.251  163.336
   57.664  163.721
   58.076  164.115
   58.487  164.518
   58.897  164.930
   59.376  166.258
   59.842  167.623
   60.293  169.027
   61.017  169.865
   61.736  170.743
   61.736  170.743
   61.667  169.722
   61.590  168.706
   61.505  167.696
   61.414  166.691
   61.338  165.013
   61.241  163.345
   61.272  162.353
   61.296  161.359
   61.313  160.363
   61.322  159.367
   61.407  158.045
   61.478  156.717
   61.607  155.337
   61.721  153.946
   62.353  152.596
   62.971  151.189
   63.574  149.721
   64.162  148.191
   64.733  146.595
   65.287  144.932
   65.287  144.932
   64.438  145.487
   63.587  146.008
   62.734  146.499
   61.880  146.963
   61.570  146.126
   61.255  145.306
   60.935  144.502
   60.611  143.715
   60.282  142.943
   59.948  142.187
   59.479  142.086
   59.009  141.988
   58.539  141.893
   58.069  141.800
   57.599  141.709
   57.128  141.621
   56.658  141.535
   56.188  141.451
   55.650  141.700
   55.112  141.943
   54.574  142.179
   54.035  142.409
   54.035  142.409
   53.384  142.849
   53.042  142.784
   52.542  142.692
   51.700  142.541
   50.857  142.398
   50.318  142.521
   49.778  142.641
   49.241  142.761
   48.704  142.878
   48.051  142.023
   47.392  141.178
   46.956  140.553
   46.516  139.938
   46.224  139.370
   45.947  139.158
   45.412  139.038
   44.811  138.850
   44.295  138.577
   43.939  138.563
   43.192  138.801
   42.766  138.811
   41.995  138.824
   41.769  138.743
   41.482  138.489
   41.103  138.475
   40.782  138.756
   40.474  138.655
   40.072  138.655
   39.832  138.352
   39.659  138.085
   39.404  137.845
   38.982  137.774
   38.485  137.848
   37.856  137.889
   37.184  137.902
   36.600  137.854
   36.311  137.894
   36.027  138.121
   35.734  138.259
   35.360  138.421
   35.034  138.674
   35.034  138.674
   35.014  139.234
   34.860  139.429
   34.713  139.923
   34.631  140.440
   34.529  140.870
   34.439  141.104
   34.356  141.441
   34.213  141.883
   34.213  141.883
