ON
   25.458  128.462
   25.859  128.978
   26.191  129.360
   26.671  129.785
   27.213  130.211
   27.709  130.523
   28.136  130.649
   28.318  131.097
   28.451  131.309
   28.751  131.467
   28.859  131.524
   28.987  131.628
   29.392  131.760
   29.818  132.073
   30.215  132.402
   30.493  132.630
   30.754  132.824
   30.754  132.824
   30.991  132.581
   31.257  132.269
   31.484  132.030
   31.761  131.717
   31.877  131.284
   31.982  130.835
   32.019  130.185
   32.042  129.768
   31.793  129.442
   31.793  129.442
   31.409  129.121
   31.265  129.059
   31.024  128.819
   30.585  129.032
   30.387  128.848
   30.104  128.881
   29.893  128.646
   29.355  129.055
   29.032  128.687
   28.708  128.321
   28.401  128.557
   28.053  128.049
   27.790  127.599
   27.662  127.347
   27.485  127.417
   27.149  126.885
   27.006  126.745
   26.811  126.820
   26.540  126.477
   26.370  126.383
   26.123  126.065
   25.927  125.663
   25.644  125.736
   25.569  125.159
   25.475  124.697
   25.120  124.705
   25.070  124.148
   25.017  123.755
   24.898  123.721
   24.860  123.182
   25.065  122.554
   24.853  122.024
   24.691  121.575
   24.691  121.575
   24.255  121.779
   23.949  122.140
   23.643  122.501
   23.469  123.010
   23.454  123.518
   23.438  124.026
   23.420  124.534
   23.401  125.042
   23.380  125.550
   23.380  125.550
   23.498  125.954
   23.761  126.426
   24.101  126.901
   24.503  127.398
   24.969  127.907
   25.458  128.462
   25.458  128.462
