pa
  -61.457  161.228
  -61.763  161.975
  -62.213  162.579
  -62.660  163.202
  -62.475  163.773
  -62.322  164.275
  -62.177  164.768
  -62.077  165.103
  -62.473  165.653
  -62.668  165.969
  -63.087  166.620
  -63.221  166.858
  -62.971  167.550
  -62.773  168.277
  -62.632  168.708
  -62.446  169.238
  -62.676  169.605
  -62.972  170.068
  -63.149  170.441
  -63.447  171.009
  -63.807  171.640
  -64.097  172.164
  -64.256  172.520
  -64.738  173.631
  -64.508  174.242
  -64.315  174.814
  -64.174  175.162
  -63.984  175.582
  -64.188  176.063
  -64.410  176.549
  -64.506  176.819
  -64.736  177.338
  -64.975  177.889
  -65.079  178.240
  -65.274  178.759
  -65.477  179.381
  -65.739  179.963
  -65.986 -179.197
  -66.163 -178.793
  -65.862 -177.926
  -65.607 -177.072
  -65.183 -175.729
  -65.505 -175.070
  -65.835 -174.418
  -65.506 -173.709
  -64.978 -172.517
  -64.356 -171.300
  -64.859 -170.043
  -64.764 -169.839
  -64.245 -169.109
  -63.730 -168.379
  -63.106 -167.513
  -62.490 -166.608
  -62.606 -166.199
  -63.007 -165.149
  -63.467 -163.921
  -62.968 -163.001
  -62.394 -162.061
  -62.614 -161.338
  -62.923 -160.430
  -62.595 -159.888
  -63.004 -158.703
  -62.788 -158.394
  -63.070 -157.601
  -63.324 -156.717
  -62.953 -156.022
  -62.433 -155.254
  -61.776 -154.324
  -61.836 -154.181
  -61.399 -153.661
  -60.841 -152.943
  -60.157 -152.119
  -59.469 -151.329
  -59.718 -150.382
  -59.314 -149.809
  -58.822 -149.264
  -58.130 -148.276
  -57.555 -147.692
  -57.638 -147.167
  -57.308 -146.681
  -56.669 -145.979
  -56.228 -145.412
  -55.784 -144.857
  -55.910 -144.482
  -56.263 -143.324
  -56.619 -142.086
  -56.839 -141.211
  -57.053 -140.325
  -56.772 -140.041
  -56.268 -139.545
  -55.725 -139.191
  -55.615 -139.578
  -55.251 -139.253
  -54.712 -138.799
  -54.141 -138.338
  -53.568 -137.890
  -53.688 -137.522
  -53.907 -136.590
  -53.396 -136.180
  -53.643 -135.307
  -53.887 -134.205
  -54.237 -132.870
  -54.432 -132.126
  -54.623 -131.375
  -54.931 -130.059
  -55.129 -129.345
  -55.322 -128.624
  -55.565 -127.231
  -55.064 -126.800
  -55.138 -126.197
  -55.454 -125.077
  -55.587 -124.262
  -55.715 -123.442
  -55.873 -122.655
  -56.026 -121.862
  -55.832 -121.635
  -55.219 -121.228
  -54.410 -120.663
  -54.642 -119.685
  -54.819 -118.581
  -54.350 -118.313
  -53.691 -118.037
  -53.124 -117.661
  -52.897 -118.977
  -52.752 -118.875
  -52.212 -118.422
  -51.772 -118.120
  -51.331 -117.824
  -50.875 -117.522
  -50.418 -117.225
  -49.893 -116.802
  -49.367 -116.388
  -49.589 -115.233
  -49.721 -114.556
  -49.849 -113.875
  -49.357 -113.745
  -48.841 -113.528
  -48.324 -113.315
  -47.773 -113.131
  -47.222 -112.950
  -46.538 -112.685
  -45.854 -112.426
  -45.833 -112.675
  -45.494 -112.550
  -44.938 -112.381
  -44.381 -112.216
  -43.774 -111.971
  -43.166 -111.730
  -42.683 -111.538
  -42.200 -111.349
  -42.249 -110.954
  -41.355 -110.832
  -40.760 -110.754
  -40.164 -110.677
  -39.575 -110.533
  -38.986 -110.391
  -38.978 -111.270
  -38.878 -111.268
  -38.276 -111.067
  -37.674 -110.869
  -37.042 -110.668
  -36.410 -110.471
  -36.358 -110.739
  -36.219 -110.715
  -35.830 -110.579
  -35.797 -110.895
  -35.319 -110.877
  -35.091 -110.827
  -35.091 -110.827
  -34.995 -111.126
  -34.912 -111.399
  -34.811 -111.756
  -34.674 -112.187
  -34.556 -112.417
  -34.300 -112.562
  -33.999 -112.628
  -33.663 -112.604
  -33.650 -112.504
  -33.399 -112.460
  -33.112 -112.442
  -32.794 -112.418
  -32.489 -112.415
  -32.328 -112.356
  -32.343 -112.151
  -32.114 -112.065
  -31.948 -112.063
  -31.774 -112.041
  -31.536 -112.023
  -31.536 -112.023
  -31.390 -111.964
  -31.386 -111.978
  -31.045 -111.951
  -30.666 -111.885
  -30.624 -111.851
  -30.425 -111.797
  -30.187 -111.775
  -30.025 -111.773
  -29.579 -111.749
  -29.266 -111.806
  -29.160 -112.367
  -29.009 -112.956
  -28.787 -113.020
  -28.549 -113.021
  -28.383 -113.010
  -28.379 -112.934
  -28.129 -112.955
  -27.849 -112.971
  -27.607 -113.001
  -27.577 -113.133
  -27.273 -113.129
  -27.014 -113.112
  -26.830 -112.976
  -26.830 -112.976
  -26.809 -113.608
  -26.790 -113.944
  -26.725 -114.526
  -26.604 -115.105
  -26.466 -115.291
  -26.243 -115.518
  -25.968 -115.769
  -25.674 -116.028
  -25.416 -116.353
  -25.172 -116.490
  -24.848 -116.099
  -24.556 -116.225
  -24.458 -116.184
  -24.383 -115.968
  -24.242 -115.912
  -24.105 -115.482
  -24.017 -115.402
  -23.884 -115.424
  -23.468 -115.599
  -23.398 -115.254
  -23.237 -115.183
  -23.179 -114.962
  -23.040 -114.875
  -23.024 -114.567
  -22.543 -114.498
  -22.196 -114.505
  -22.114 -114.421
  -22.114 -114.421
  -21.627 -114.379
  -21.564 -114.318
  -21.121 -114.229
  -20.599 -114.087
  -20.575 -113.931
  -20.321 -113.796
  -19.968 -113.697
  -19.301 -113.498
  -19.285 -113.623
  -18.777 -113.364
  -18.758 -113.520
  -18.444 -113.383
  -18.008 -113.264
  -17.994 -113.388
  -17.538 -113.174
  -17.521 -113.329
  -17.065 -113.117
  -17.052 -113.241
  -16.683 -113.041
  -16.670 -113.165
  -16.361 -112.973
  -16.351 -113.066
  -15.792 -112.973
  -15.248 -112.869
  -14.704 -112.766
  -14.718 -112.613
  -14.062 -112.581
  -13.865 -112.439
  -13.386 -112.426
  -13.464 -111.846
  -13.541 -111.266
  -13.396 -111.191
  -13.411 -111.007
  -12.755 -110.892
  -12.742 -111.077
  -11.968 -110.926
  -11.472 -110.675
  -11.394 -110.485
  -10.822 -110.447
  -10.802 -110.292
  -10.080 -110.218
   -9.665 -110.071
   -9.677 -109.857
   -8.925 -109.756
   -9.035 -109.038
   -9.145 -108.320
   -8.357 -108.192
   -8.240 -108.063
   -7.514 -107.880
   -7.186 -107.653
   -6.759 -107.607
   -6.367 -107.441
   -6.443 -106.950
   -6.016 -106.845
   -6.019 -106.752
   -5.620 -106.741
   -5.624 -106.587
   -5.043 -106.450
   -4.494 -106.253
   -4.569 -105.544
   -4.078 -105.380
   -4.152 -104.699
   -3.844 -104.539
   -3.951 -103.637
   -4.056 -102.735
   -3.435 -102.571
   -2.936 -102.566
   -2.934 -102.754
   -2.436 -102.687
   -1.906 -102.621
   -1.907 -102.402
   -1.596 -102.307
   -1.533 -102.462
   -1.283 -102.399
   -1.283 -102.524
   -0.503 -102.397
   -0.015 -102.319
   -0.015 -102.319
    0.157 -102.294
    0.372 -102.253
    0.706 -102.210
    0.713 -102.240
    1.134 -102.181
    1.134 -102.181
    1.214 -102.223
    1.221 -102.203
    1.349 -102.243
    1.361 -102.222
    1.528 -102.257
    1.541 -102.230
    1.752 -102.262
    1.778 -102.133
    1.904 -102.104
    1.903 -102.088
    1.972 -102.076
    2.024 -102.075
    2.137 -102.067
    2.161 -102.075
    2.308 -102.080
    2.327 -102.088
    2.391 -102.090
    2.412 -102.085
    2.486 -102.085
    2.502 -102.077
    2.574 -102.082
    2.635 -102.068
    2.635 -102.068
    2.786 -102.109
    2.798 -102.096
    2.893 -102.118
    2.889 -102.145
    3.072 -102.193
    3.239 -102.219
    3.239 -102.219
    3.458 -102.199
    3.751 -102.259
    3.778 -102.184
    4.653 -102.320
    5.529 -102.457
    6.355 -102.558
    7.182 -102.659
    7.791 -102.810
    8.400 -102.961
    8.370 -103.595
    8.340 -104.229
    8.456 -104.258
    9.175 -104.296
   10.017 -104.296
   10.123 -103.598
   10.275 -103.628
   10.937 -103.739
   11.405 -103.807
   11.872 -103.875
   11.890 -103.772
   12.587 -103.927
   13.328 -104.181
   14.070 -104.437
   14.672 -104.563
   15.274 -104.690
   15.108 -105.320
   15.558 -105.357
   16.261 -105.398
   17.031 -105.367
   17.768 -105.399
   17.881 -105.586
   17.881 -105.586
   17.929 -106.308
   18.016 -106.318
   18.120 -106.311
   18.281 -106.281
   18.520 -106.244
   18.544 -106.527
   18.590 -106.756
   18.647 -107.002
   18.756 -107.272
   18.863 -107.523
   18.936 -107.816
   19.107 -108.233
   19.224 -108.198
   19.384 -108.534
   19.550 -108.896
   19.625 -108.903
   19.806 -109.160
   20.027 -109.450
   20.142 -109.373
   20.176 -109.378
   20.242 -109.319
   20.397 -109.215
   20.500 -109.187
   20.558 -109.285
   20.643 -109.261
   20.739 -109.194
   20.824 -109.111
   20.949 -109.013
   21.068 -108.915
   21.253 -108.809
   21.347 -108.977
   21.451 -108.936
   21.536 -108.868
   21.643 -108.784
   21.774 -108.669
   21.905 -108.582
   21.905 -108.582
   21.960 -108.676
   22.102 -108.589
   22.201 -108.516
   22.277 -108.527
   22.440 -108.407
   22.613 -108.273
   22.712 -108.232
   22.712 -108.232
   22.986 -108.010
   23.082 -108.388
   23.241 -108.651
   23.613 -108.357
   23.674 -108.439
   23.814 -108.610
   23.984 -108.806
   24.151 -109.002
   24.396 -109.276
   24.658 -109.062
   24.735 -109.178
   24.857 -109.350
   25.016 -109.591
   25.180 -109.788
   25.339 -110.007
   25.557 -109.806
   25.607 -109.872
   25.706 -110.024
   25.890 -110.291
   26.066 -110.572
   26.225 -110.778
   26.360 -110.680
   26.416 -110.758
   26.535 -110.957
   26.723 -111.228
   26.927 -111.506
   27.105 -111.373
   27.215 -111.569
   27.497 -111.382
   27.570 -111.506
   27.694 -111.711
   27.906 -112.015
   28.125 -112.321
   28.322 -112.589
   28.499 -112.812
   28.715 -113.087
   28.950 -113.339
   29.008 -113.281
   29.205 -113.521
   29.440 -113.775
   29.646 -113.969
   29.730 -113.870
   29.834 -113.758
   29.982 -113.909
   30.120 -114.041
   30.314 -113.807
   30.513 -113.986
   30.680 -114.129
   30.912 -114.303
   31.097 -114.439
   31.194 -114.330
   31.356 -114.118
   31.459 -114.207
   31.602 -114.332
   31.786 -114.522
   31.995 -114.765
   32.236 -115.085
   32.418 -115.330
   32.512 -115.212
   32.710 -115.412
   32.876 -115.581
   32.958 -115.508
   33.040 -115.594
   33.130 -115.717
   33.237 -115.596
   33.421 -115.773
   33.421 -115.773
   33.771 -116.209
   34.042 -116.660
   34.181 -117.159
   34.350 -117.507
   34.441 -117.746
   34.564 -118.072
   34.658 -118.400
   34.837 -118.912
   34.981 -119.329
   35.450 -119.936
   35.910 -120.438
   36.338 -120.897
   36.698 -121.305
   37.205 -122.005
   37.527 -122.380
   37.874 -122.696
   38.541 -123.305
   38.997 -123.597
   39.439 -123.890
   39.914 -124.163
   40.311 -124.416
   40.313 -124.742
   40.313 -124.742
   40.354 -125.450
   40.390 -126.159
   40.422 -126.869
   40.450 -127.579
   40.538 -127.579
   40.573 -127.717
   41.081 -127.639
   41.589 -127.560
   41.555 -127.446
   41.641 -127.401
   41.692 -127.241
   42.357 -127.039
   43.014 -126.627
   43.419 -127.571
   43.818 -128.528
   44.208 -129.498
   44.589 -130.480
   44.929 -130.367
   45.285 -130.069
   45.414 -130.187
   45.736 -129.936
   45.896 -129.869
   45.943 -130.073
   46.196 -130.051
   46.229 -129.917
   46.433 -129.803
   46.401 -129.572
   47.065 -129.259
   47.727 -128.938
   47.835 -129.190
   48.324 -128.940
   48.476 -129.147
   48.869 -128.919
   49.177 -129.705
   49.479 -130.501
   49.983 -130.162
   50.055 -130.300
   50.217 -130.162
   50.298 -130.329
   50.465 -130.254
   50.908 -130.753
   51.185 -131.074
   51.612 -130.850
   51.612 -130.850
   51.886 -131.177
   52.259 -131.592
   52.697 -132.169
   53.127 -132.714
   53.522 -133.093
   53.924 -133.426
   54.377 -133.840
   54.812 -134.151
   55.316 -134.669
   55.819 -135.180
   56.102 -135.429
   56.621 -135.903
   57.118 -136.209
   57.634 -136.522
   58.090 -136.895
   58.438 -137.107
   58.925 -137.819
   59.336 -138.353
   59.762 -138.860
   60.090 -139.396
   60.381 -140.128
   60.310 -141.074
   60.401 -141.598
   60.465 -142.405
   60.206 -143.332
   59.918 -144.316
   59.576 -144.977
   59.273 -145.756
   59.273 -145.756
   58.814 -146.264
   58.352 -146.759
   57.832 -147.449
   57.347 -148.257
   56.925 -149.220
   56.623 -150.081
   56.499 -150.547
   56.309 -151.218
   56.058 -152.227
   55.610 -153.164
   55.239 -154.160
   54.785 -155.239
   54.527 -156.138
   54.318 -157.067
   54.101 -157.986
   53.855 -159.344
   53.741 -160.129
   53.621 -160.910
   53.496 -161.664
   53.367 -162.413
   53.180 -163.177
   52.988 -163.934
   52.818 -164.665
   52.644 -165.390
   52.453 -166.108
   52.257 -166.819
   52.001 -167.990
   51.740 -168.972
   51.632 -169.378
   51.440 -170.159
   51.306 -170.897
   51.171 -171.634
   51.069 -172.484
   50.964 -173.328
   50.896 -174.119
   50.826 -174.907
   50.745 -175.629
   50.588 -176.223
   50.496 -177.088
   50.484 -177.758
   50.490 -178.480
   50.496 -179.202
   50.505  179.688
   50.619  178.498
   50.698  177.680
   50.896  176.720
   51.108  175.571
   51.403  174.219
   51.684  172.964
   52.026  171.847
   52.498  170.700
   52.855  169.752
   53.208  168.836
   53.569  168.188
   53.906  167.413
   54.237  166.407
   54.588  165.771
   54.957  164.847
   55.209  164.066
   55.209  164.066
   54.779  163.670
   54.347  163.282
   53.625  162.790
   53.003  162.458
   52.654  161.584
   52.159  160.945
   51.488  160.599
   50.855  159.877
   50.154  159.174
   49.855  158.644
   49.552  158.121
   49.107  157.568
   48.659  157.024
   48.183  156.353
   47.725  155.742
   47.263  155.141
   46.853  154.664
   46.440  154.195
   45.897  153.528
   45.529  152.880
   45.158  152.240
   44.704  151.419
   44.447  150.877
   44.187  150.339
   43.721  149.311
   43.208  148.340
   42.685  147.345
   42.362  146.690
   42.076  146.198
   41.788  145.710
   41.319  145.077
   40.847  144.454
   40.847  144.454
   40.549  144.479
   40.367  144.399
   40.203  144.328
   40.067  144.283
   39.928  144.254
   39.767  144.225
   39.557  144.236
   39.374  144.203
   39.123  144.189
   38.909  144.119
   38.709  144.061
   38.536  144.017
   38.358  143.973
   38.166  143.928
   37.928  143.888
   37.710  143.843
   37.479  143.743
   37.290  143.637
   37.059  143.518
   36.860  143.408
   36.649  143.275
   36.520  143.151
   36.339  143.020
   36.264  142.887
   36.188  142.761
   36.064  142.681
   36.001  142.606
   35.944  142.555
   35.673  142.460
   35.503  142.325
   35.333  142.221
   35.217  142.170
   35.164  142.067
   34.889  142.029
   34.666  141.992
   34.213  141.883
   34.213  141.883
   33.704  141.858
   33.252  142.012
   32.558  141.994
   31.983  142.099
   31.315  142.159
   30.711  142.224
   30.128  142.473
   29.621  142.507
   28.975  142.748
   28.519  143.002
   27.941  143.172
   27.463  143.243
   26.737  143.260
   26.329  143.231
   25.612  143.075
   24.918  143.098
   24.909  143.096
   24.391  143.522
   24.391  143.522
   23.764  144.022
   23.250  144.706
   22.712  145.292
   22.201  146.062
   21.730  146.545
   21.331  146.822
   20.805  147.019
   20.303  147.207
   19.745  147.460
   19.172  147.619
   18.646  147.820
   18.060  147.811
   17.283  147.856
   16.523  147.787
   15.653  147.684
   14.966  147.462
   14.216  147.201
   13.363  146.752
   13.002  146.221
   12.647  145.691
   12.314  145.349
   12.211  145.024
   12.021  144.619
   11.790  144.157
   11.494  143.503
   11.569  143.097
   11.569  143.097
   11.403  142.961
   11.285  142.122
   11.058  141.608
   10.858  140.772
   10.946  140.100
   10.901  139.483
   11.121  138.813
   10.649  138.710
    9.953  138.574
    9.379  138.359
    9.379  138.359
    9.065  139.192
    8.866  139.886
    8.666  140.579
    8.393  141.048
    8.118  141.517
    7.611  142.262
    7.388  142.666
    7.166  143.070
    6.805  143.558
    6.677  144.026
    6.611  144.664
    6.503  145.067
    6.353  145.471
    6.160  146.001
    5.883  146.382
    5.511  146.730
    5.138  147.078
    4.765  147.425
    4.393  147.772
    3.776  148.191
    3.137  148.694
    2.629  148.668
    2.058  148.684
    1.487  148.700
    0.937  148.863
    0.406  149.112
   -0.143  149.191
   -0.397  149.251
   -0.650  149.270
   -0.650  149.270
   -0.818  149.481
   -1.005  149.769
   -1.021  150.023
   -1.123  150.344
   -1.224  150.717
   -1.308  151.089
   -1.460  151.427
   -1.646  151.816
   -1.865  152.155
   -2.134  152.578
   -2.150  152.916
   -2.200  153.119
   -2.436  153.390
   -2.604  153.542
   -2.688  153.711
   -3.041  153.882
   -3.327  154.035
   -3.612  154.256
   -3.948  154.359
   -4.283  154.700
   -4.550  154.955
   -4.887  154.992
   -5.240  154.978
   -5.581  154.592
   -5.901  154.545
   -6.423  154.533
   -6.858  154.730
   -7.293  154.927
   -7.293  154.927
   -7.489  155.454
   -7.489  155.454
   -7.706  155.812
   -7.884  156.047
   -8.174  156.296
   -8.174  156.296
   -8.382  156.467
   -8.563  156.706
   -8.602  156.782
   -8.615  156.858
   -8.642  156.935
   -8.706  157.049
   -8.746  157.177
   -8.784  157.241
   -8.823  157.317
   -8.900  157.419
   -8.965  157.572
   -9.004  157.648
   -9.068  157.724
   -9.107  157.827
   -9.159  157.916
   -9.210  157.992
   -9.249  158.056
   -9.313  158.145
   -9.390  158.273
   -9.442  158.388
   -9.481  158.478
   -9.507  158.580
   -9.546  158.709
   -9.559  158.773
   -9.585  158.850
   -9.624  158.926
   -9.650  159.003
   -9.688  159.068
   -9.726  159.119
   -9.765  159.170
   -9.829  159.221
   -9.880  159.285
   -9.931  159.362
   -9.969  159.439
  -10.021  159.503
  -10.084  159.580
  -10.123  159.644
  -10.174  159.708
  -10.200  159.772
  -10.251  159.837
  -10.277  159.914
  -10.315  159.978
  -10.379  160.068
  -10.417  160.132
  -10.468  160.210
  -10.519  160.287
  -10.570  160.364
  -10.634  160.493
  -10.672  160.544
  -10.723  160.622
  -10.787  160.725
  -10.838  160.776
  -10.914  160.867
  -10.965  160.931
  -11.029  160.996
  -11.054  161.060
  -11.130  161.125
  -11.168  161.202
  -11.194  161.306
  -11.232  161.384
  -11.245  161.461
  -11.283  161.552
  -11.321  161.720
  -11.359  161.798
  -11.397  161.901
  -11.422  162.018
  -11.434  162.109
  -11.422  162.225
  -11.421  162.354
  -11.421  162.484
  -11.382  162.626
  -11.356  162.833
  -11.311  163.053
  -11.291  163.195
  -11.265  163.311
  -11.238  163.505
  -11.199  163.699
  -11.185  163.854
  -11.158  163.996
  -11.144  164.151
  -11.118  164.267
  -11.091  164.409
  -11.090  164.512
  -11.114  164.641
  -11.164  164.758
  -11.200  164.901
  -11.287  165.070
  -11.411  165.252
  -11.549  165.396
  -11.686  165.514
  -11.887  165.621
  -12.127  165.715
  -12.316  165.770
  -12.517  165.838
  -12.744  165.894
  -12.870  165.909
  -13.072  165.952
  -13.261  166.020
  -13.513  166.090
  -13.676  166.132
  -13.779  166.154
  -13.779  166.154
  -13.649  167.157
  -13.515  168.159
  -13.514  168.596
  -13.602  168.577
  -13.630  168.792
  -13.639  169.026
  -13.651  169.234
  -13.800  169.231
  -13.811  169.456
  -13.808  169.622
  -13.824  169.739
  -13.954  169.739
  -13.974  170.150
  -13.942  170.638
  -14.088  170.642
  -14.093  170.945
  -14.083  171.181
  -14.066  171.295
  -13.793  171.296
  -13.750  171.619
  -13.678  171.972
  -13.569  172.163
  -13.481  172.300
  -13.435  172.434
  -13.411  172.571
  -13.411  172.571
  -13.489  173.049
  -13.517  173.671
  -13.295  173.941
  -13.396  174.482
  -13.415  174.661
  -13.395  174.784
  -13.335  174.898
  -13.244  175.314
  -13.326  175.659
  -13.422  175.947
  -13.643  176.021
  -13.672  176.256
  -13.731  176.618
  -13.853  176.966
  -13.948  177.167
  -14.055  177.417
  -14.055  177.417
  -14.309  178.029
  -14.501  178.469
  -14.784  179.012
  -14.975  179.389
  -15.218  179.790
  -15.542 -179.739
  -15.542 -179.739
  -15.527 -179.444
  -15.527 -179.444
  -14.936 -179.288
  -14.928 -179.048
  -14.224 -178.888
  -14.230 -178.768
  -13.986 -178.733
  -14.317 -178.240
  -14.646 -177.746
  -14.706 -177.415
  -14.671 -176.880
  -14.634 -176.346
  -14.634 -176.346
  -14.478 -175.865
  -14.407 -175.309
  -14.334 -174.754
  -14.379 -174.083
  -14.534 -173.836
  -14.534 -173.836
  -14.584 -173.407
  -14.584 -173.407
  -14.697 -173.273
  -14.785 -173.130
  -14.867 -172.939
  -15.033 -172.774
  -15.151 -172.602
  -15.373 -172.428
  -15.561 -172.355
  -15.732 -172.331
  -16.041 -172.300
  -16.332 -172.307
  -16.716 -172.311
  -16.963 -172.335
  -17.271 -172.374
  -17.677 -172.445
  -17.935 -172.540
  -18.152 -172.591
  -18.483 -172.698
  -18.777 -172.786
  -19.071 -172.874
  -19.461 -172.970
  -19.779 -173.053
  -20.204 -173.218
  -20.586 -173.403
  -20.893 -173.551
  -21.248 -173.703
  -21.526 -173.818
  -21.915 -173.952
  -22.290 -174.139
  -22.617 -174.323
  -22.906 -174.489
  -23.221 -174.663
  -23.513 -174.842
  -23.750 -174.985
  -23.750 -174.985
  -24.070 -175.102
  -24.472 -175.209
  -24.836 -175.229
  -25.142 -175.261
  -25.426 -175.297
  -25.730 -175.382
  -26.025 -175.415
  -26.437 -175.423
  -26.857 -175.400
  -27.318 -175.545
  -27.784 -175.785
  -28.264 -175.885
  -28.697 -175.995
  -29.065 -176.078
  -29.469 -176.153
  -29.881 -176.339
  -30.322 -176.547
  -30.678 -176.690
  -31.037 -176.919
  -31.452 -177.108
  -31.793 -177.301
  -31.957 -177.538
  -32.203 -177.649
  -32.696 -177.666
  -33.191 -177.810
  -33.580 -177.981
  -33.846 -178.208
  -34.241 -178.294
  -34.485 -178.413
  -34.706 -178.539
  -35.022 -178.641
  -35.542 -179.044
  -36.179 -179.371
  -36.793 -179.811
  -37.476  179.838
  -38.205  179.569
  -38.538  179.366
  -38.889  179.215
  -39.230  179.125
  -39.685  178.950
  -40.087  178.792
  -40.424  178.566
  -40.807  178.284
  -41.188  178.015
  -41.500  177.607
  -41.657  177.123
  -41.756  176.673
  -41.910  176.081
  -42.059  175.503
  -42.059  175.503
  -42.122  174.988
  -42.201  174.304
  -42.291  173.724
  -42.392  173.126
  -42.483  172.593
  -42.616  171.859
  -42.675  171.473
  -42.743  171.277
  -42.932  170.995
  -43.088  170.638
  -43.358  170.103
  -43.594  169.647
  -43.845  169.136
  -44.022  168.770
  -44.022  168.770
  -44.166  168.488
  -44.330  168.081
  -44.466  167.688
  -44.648  167.368
  -44.826  167.100
  -44.987  166.951
  -44.987  166.951
  -45.211  166.710
  -45.350  166.537
  -45.515  166.377
  -45.736  166.205
  -45.887  166.019
  -45.958  165.920
  -46.065  165.733
  -46.190  165.427
  -46.405  165.168
  -46.601  165.021
  -46.783  164.943
  -47.011  164.923
  -47.148  164.838
  -47.256  164.739
  -47.444  164.699
  -47.521  164.651
  -47.658  164.528
  -47.760  164.480
  -47.920  164.483
  -48.059  164.398
  -48.202  164.389
  -48.274  164.309
  -48.429  164.287
  -48.592  164.215
  -48.742  164.130
  -48.917  163.964
  -49.116  163.868
  -49.322  163.740
  -49.573  163.545
  -49.761  163.448
  -49.847  163.412
  -49.985  163.296
  -50.079  163.235
  -50.079  163.235
  -50.273  163.047
  -50.369  162.963
  -50.443  162.785
  -50.550  162.594
  -50.668  162.453
  -50.817  162.273
  -50.962  162.049
  -51.118  161.825
  -51.192  161.716
  -51.399  161.542
  -51.542  161.368
  -51.751  161.162
  -51.924  161.026
  -52.166  160.762
  -52.292  160.671
  -52.433  160.535
  -52.634  160.342
  -52.822  160.092
  -52.991  159.905
  -53.170  159.731
  -53.345  159.512
  -53.598  159.318
  -53.620  159.216
  -53.812  159.142
  -54.088  158.985
  -54.308  158.885
  -54.559  158.740
  -54.689  158.674
  -54.928  158.618
  -55.047  158.596
  -55.272  158.540
  -55.522  158.465
  -55.779  158.332
  -56.022  158.226
  -56.165  158.153
  -56.310  158.042
  -56.438  157.944
  -56.725  157.823
  -56.992  157.703
  -57.230  157.640
  -57.474  157.615
  -57.783  157.620
  -58.068  157.751
  -58.334  157.920
  -58.605  158.121
  -58.779  158.267
  -58.858  158.385
  -59.071  158.650
  -59.305  158.972
  -59.511  159.186
  -59.732  159.413
  -59.939  159.691
  -60.005  159.803
  -60.005  159.803
  -60.504  160.327
  -61.053  160.740
  -61.384  161.129
  -61.457  161.228
  -61.457  161.228
