PM
    8.731  -76.684
    9.065  -76.765
    9.376  -76.924
    9.631  -77.083
    9.900  -77.291
   10.098  -77.499
   10.270  -77.679
   10.432  -77.922
   10.547  -78.129
   10.615  -78.229
   10.639  -78.427
   10.653  -78.746
   10.579  -78.970
   10.479  -79.151
   10.415  -79.234
   10.431  -79.432
   10.389  -79.748
   10.305  -80.105
   10.271  -80.365
   10.154  -80.636
   10.058  -80.879
   10.058  -80.879
    9.935  -81.079
    9.778  -81.306
    9.587  -81.469
    9.444  -81.654
    9.440  -82.080
    9.509  -82.313
    9.599  -82.525
    9.770  -82.802
    9.873  -83.021
   10.053  -83.209
   10.209  -83.465
   10.321  -83.782
   10.448  -84.073
   10.537  -84.424
   10.593  -84.746
   10.653  -85.124
   10.627  -85.435
   10.567  -85.716
   10.489  -85.969
   10.388  -86.248
   10.235  -86.648
   10.235  -86.648
    9.938  -86.449
    9.684  -86.204
    9.423  -85.910
    9.203  -85.612
    9.089  -85.380
    8.937  -85.044
    8.772  -84.686
    8.637  -84.419
    8.474  -84.158
    8.300  -84.007
    8.182  -83.838
    8.044  -83.605
    7.928  -83.360
    7.849  -83.233
    7.592  -83.074
    7.366  -82.875
    7.366  -82.875
    7.303  -82.811
    7.283  -82.748
    7.278  -82.686
    7.307  -82.617
    7.296  -82.492
    7.251  -82.338
    7.129  -82.273
    7.041  -82.202
    7.008  -82.125
    6.967  -82.090
    6.950  -81.944
    6.978  -81.889
    7.061  -81.741
    7.061  -81.741
    7.039  -81.584
    7.055  -81.487
    7.099  -81.342
    7.172  -81.163
    7.222  -81.038
    7.294  -80.894
    7.358  -80.784
    7.415  -80.687
    7.335  -80.539
    7.221  -80.363
    7.133  -80.250
    7.133  -80.250
    7.101  -80.096
    7.160  -79.846
    7.184  -79.658
    7.228  -79.470
    7.301  -79.240
    7.319  -78.982
    7.329  -78.751
    7.337  -78.646
    7.337  -78.646
    7.510  -78.228
    7.637  -78.013
    7.829  -77.707
    8.012  -77.534
    8.105  -77.331
    8.190  -77.149
    8.443  -76.906
    8.731  -76.684
    8.731  -76.684
