ps
   30.754  132.824
   30.493  132.630
   30.215  132.402
   29.818  132.073
   29.392  131.760
   28.987  131.628
   28.859  131.524
   28.751  131.467
   28.451  131.309
   28.318  131.097
   28.136  130.649
   27.709  130.523
   27.213  130.211
   26.671  129.785
   26.191  129.360
   25.859  128.978
   25.458  128.462
   25.458  128.462
   24.969  127.907
   24.503  127.398
   24.101  126.901
   23.761  126.426
   23.498  125.954
   23.380  125.550
   23.380  125.550
   23.401  125.042
   23.420  124.534
   23.438  124.026
   23.454  123.518
   23.469  123.010
   23.643  122.501
   23.949  122.140
   24.255  121.779
   24.691  121.575
   24.691  121.575
   24.963  121.335
   24.963  121.335
   24.654  120.981
   23.979  120.546
   23.198  120.360
   22.581  120.394
   22.043  120.425
   21.632  120.452
   21.632  120.452
   21.202  120.344
   20.631  120.290
   20.255  120.502
   19.937  120.441
   19.487  120.115
   18.878  119.795
   18.201  119.279
   17.629  119.161
   16.840  119.248
   16.556  119.255
   16.556  119.255
   16.407  119.728
   16.257  120.201
   16.107  120.673
   15.955  121.145
   15.802  121.616
   15.648  122.086
   15.493  122.555
   15.337  123.024
   15.180  123.492
   15.023  123.959
   14.864  124.425
   14.704  124.891
   14.704  124.891
   14.132  125.150
   13.306  125.494
   12.818  125.686
   12.265  126.137
   11.630  126.240
   11.060  126.214
   10.296  126.573
    9.449  126.824
    8.750  127.053
    8.136  127.219
    7.292  127.234
    6.447  127.250
    5.897  127.459
    5.474  127.498
    5.224  127.836
    4.763  128.151
    4.335  128.387
    3.700  128.684
    3.114  128.998
    2.671  129.217
    1.928  129.246
    1.059  129.197
    1.059  129.197
    0.684  129.989
    0.475  130.546
    0.266  131.102
    0.150  131.738
    0.034  132.373
    0.017  132.515
    0.017  132.515
    0.812  132.651
    1.165  132.720
    1.728  132.734
    2.257  132.766
    2.539  132.817
    2.908  132.850
    3.312  132.795
    3.698  132.740
    4.120  132.790
    4.454  132.911
    4.788  133.032
    5.016  133.189
    5.349  133.240
    5.734  133.308
    5.962  133.429
    6.156  133.674
    6.333  133.989
    6.610  134.269
    6.990  134.521
    6.990  134.521
    6.895  135.415
    6.989  136.183
    7.368  136.759
    7.620  137.144
    7.871  137.529
    8.534  137.982
    9.196  138.309
    9.379  138.359
    9.379  138.359
    9.953  138.574
   10.649  138.710
   11.121  138.813
   10.901  139.483
   10.946  140.100
   10.858  140.772
   11.058  141.608
   11.285  142.122
   11.403  142.961
   11.569  143.097
   11.569  143.097
   11.792  143.082
   12.030  143.106
   12.265  143.143
   12.478  143.239
   12.695  143.403
   12.822  143.510
   13.058  143.662
   13.268  143.771
   13.541  143.871
   13.623  143.903
   13.811  143.942
   14.087  143.976
   14.639  144.082
   14.656  144.216
   14.884  144.334
   14.917  144.530
   15.526  144.453
   15.653  144.799
   16.123  144.792
   16.478  144.841
   16.979  144.798
   17.420  144.671
   17.535  144.970
   17.829  144.773
   18.020  144.706
   18.166  144.663
   18.359  144.626
   18.756  144.601
   19.073  144.543
   19.123  144.527
   19.725  144.252
   19.753  144.137
   19.858  144.083
   20.111  143.970
   20.418  143.842
   20.397  143.575
   20.532  143.493
   20.728  143.392
   20.962  143.281
   21.061  143.321
   21.320  143.280
   21.659  143.218
   21.928  143.150
   22.139  142.997
   22.377  142.774
   22.662  142.560
   23.009  142.257
   23.009  142.257
   23.701  142.886
   24.391  143.522
   24.391  143.522
   24.909  143.096
   24.918  143.098
   25.612  143.075
   26.329  143.231
   26.737  143.260
   27.463  143.243
   27.941  143.172
   28.519  143.002
   28.975  142.748
   29.621  142.507
   30.128  142.473
   30.711  142.224
   31.315  142.159
   31.983  142.099
   32.558  141.994
   33.252  142.012
   33.704  141.858
   34.213  141.883
   34.213  141.883
   34.356  141.441
   34.439  141.104
   34.529  140.870
   34.631  140.440
   34.713  139.923
   34.860  139.429
   35.014  139.234
   35.034  138.674
   35.034  138.674
   34.582  138.508
   34.059  138.383
   33.749  138.066
   33.405  137.546
   33.053  137.030
   32.868  136.524
   32.686  136.025
   32.537  135.612
   32.460  135.356
   32.326  135.026
   32.200  134.691
   31.882  134.042
   31.515  133.500
   31.216  133.197
   30.970  132.965
   30.754  132.824
   30.754  132.824
