ri
   21.905 -108.582
   21.774 -108.669
   21.643 -108.784
   21.536 -108.868
   21.451 -108.936
   21.347 -108.977
   21.253 -108.809
   21.068 -108.915
   20.949 -109.013
   20.824 -109.111
   20.739 -109.194
   20.643 -109.261
   20.558 -109.285
   20.500 -109.187
   20.397 -109.215
   20.242 -109.319
   20.176 -109.378
   20.142 -109.373
   20.027 -109.450
   19.806 -109.160
   19.625 -108.903
   19.550 -108.896
   19.384 -108.534
   19.224 -108.198
   19.107 -108.233
   18.936 -107.816
   18.863 -107.523
   18.756 -107.272
   18.647 -107.002
   18.590 -106.756
   18.544 -106.527
   18.520 -106.244
   18.281 -106.281
   18.120 -106.311
   18.016 -106.318
   17.929 -106.308
   17.881 -105.586
   17.881 -105.586
   18.140 -105.510
   18.355 -105.442
   18.551 -105.352
   18.762 -105.247
   18.762 -105.247
   18.981 -105.546
   19.164 -105.739
   19.402 -105.949
   19.644 -106.121
   19.916 -106.271
   20.203 -106.352
   20.428 -106.385
   20.638 -106.387
   20.840 -106.381
   21.121 -106.442
   21.184 -106.525
   21.235 -106.551
   21.311 -106.624
   21.483 -106.757
   21.640 -106.808
   21.716 -106.862
   21.799 -106.890
   21.799 -106.890
   21.754 -107.046
   21.752 -107.171
   21.748 -107.393
   21.742 -107.586
   21.740 -107.774
   21.686 -107.928
   21.720 -108.114
   21.835 -108.397
   21.905 -108.582
   21.905 -108.582
