sa
  -28.941  -12.533
  -28.213  -12.746
  -28.321  -13.272
  -27.443  -13.482
  -26.564  -13.690
  -26.586  -13.816
  -25.738  -14.049
  -25.648  -13.663
  -24.887  -13.811
  -24.777  -13.280
  -24.146  -13.426
  -23.514  -13.570
  -23.544  -13.664
  -22.829  -13.829
  -22.730  -13.340
  -22.630  -12.851
  -22.379  -12.910
  -22.267  -12.364
  -22.153  -11.819
  -21.752  -11.936
  -21.735  -11.850
  -21.209  -12.007
  -21.176  -11.763
  -20.299  -11.971
  -20.278  -11.852
  -19.825  -11.945
  -19.935  -12.263
  -19.341  -12.370
  -18.747  -12.477
  -18.785  -12.759
  -18.287  -12.860
  -17.790  -12.960
  -17.893  -13.519
  -17.995  -14.079
  -17.386  -14.224
  -16.777  -14.369
  -16.765  -14.238
  -16.433  -14.302
  -16.323  -13.770
  -16.212  -13.239
  -15.688  -13.383
  -15.663  -13.226
  -14.849  -13.435
  -14.036  -13.643
  -14.208  -14.478
  -13.737  -14.539
  -13.265  -14.600
  -13.218  -14.410
  -12.577  -14.550
  -12.656  -14.791
  -12.320  -14.861
  -12.339  -14.908
  -11.885  -15.006
  -11.771  -14.511
  -11.655  -14.018
  -11.539  -13.524
  -11.421  -13.031
  -10.623  -13.174
   -9.825  -13.315
   -9.794  -13.166
   -9.276  -13.248
   -9.225  -13.023
   -8.374  -13.191
   -8.411  -13.357
   -7.889  -13.489
   -7.367  -13.621
   -7.165  -12.807
   -6.961  -11.993
   -6.755  -11.181
   -6.020  -11.267
   -5.930  -11.022
   -5.377  -11.167
   -5.415  -11.516
   -4.942  -11.604
   -5.026  -12.018
   -4.609  -12.145
   -4.587  -12.039
   -4.103  -12.097
   -3.972  -11.765
   -3.493  -11.898
   -3.013  -12.029
   -2.855  -11.834
   -2.400  -11.999
   -1.945  -12.164
   -2.099  -12.701
   -1.507  -12.930
   -0.915  -13.158
   -1.108  -13.909
   -1.301  -14.659
   -1.493  -15.410
   -1.073  -15.565
   -1.143  -15.841
   -0.520  -16.037
   -0.556  -16.252
    0.299  -16.498
    0.269  -16.757
    0.150  -17.323
    0.031  -17.889
   -0.073  -18.369
   -0.176  -18.850
   -0.333  -19.675
   -0.497  -20.490
   -0.588  -21.017
   -0.680  -21.544
   -0.796  -22.381
   -0.880  -22.936
   -0.964  -23.490
   -1.034  -24.051
   -1.103  -24.612
   -0.245  -24.821
    0.614  -25.029
    0.556  -25.659
    0.498  -26.289
    1.159  -26.474
    1.062  -27.315
    1.007  -27.831
    0.953  -28.346
    0.849  -29.210
    0.797  -29.920
    1.607  -30.027
    1.643  -30.736
    2.449  -30.811
    3.255  -30.887
    4.061  -30.962
    4.036  -31.437
    4.011  -31.912
    3.986  -32.387
    3.960  -32.862
    4.804  -32.920
    5.647  -32.978
    5.649  -33.507
    6.076  -33.514
    6.104  -33.620
    6.618  -33.624
    6.616  -34.494
    6.614  -35.363
    6.935  -35.367
    7.023  -36.047
    7.363  -36.058
    7.401  -36.851
    7.654  -36.865
    7.679  -37.536
    7.703  -38.206
    8.140  -38.221
    8.159  -38.701
    8.179  -39.181
    8.197  -39.661
    8.215  -40.141
    8.815  -40.120
    8.841  -40.652
    9.373  -40.640
    9.389  -40.865
    9.973  -40.861
    9.979  -41.083
   10.787  -41.087
   10.812  -41.559
   10.836  -42.031
   10.860  -42.504
   10.883  -42.976
   10.905  -43.448
   10.927  -43.921
   11.506  -43.903
   12.085  -43.885
   12.101  -44.278
   12.626  -44.262
   12.680  -45.037
   13.336  -45.049
   13.992  -45.061
   14.026  -45.142
   14.647  -45.136
   15.267  -45.130
   15.360  -45.947
   15.451  -46.766
   15.451  -46.766
   15.804  -47.398
   15.957  -47.693
   16.013  -48.515
   16.035  -49.207
   15.983  -49.803
   15.870  -50.467
   16.073  -51.024
   16.321  -51.661
   16.567  -52.304
   16.761  -52.881
   16.956  -53.460
   17.136  -54.156
   17.309  -54.852
   17.784  -55.484
   18.258  -56.118
   18.694  -56.804
   19.052  -57.493
   19.192  -58.309
   19.325  -59.130
   19.455  -59.949
   19.208  -60.753
   18.959  -61.553
   18.959  -61.553
   18.889  -60.912
   18.595  -60.729
   18.513  -60.534
   18.191  -60.278
   17.823  -60.051
   17.548  -59.819
   17.243  -59.465
   16.912  -59.088
   16.397  -58.824
   15.991  -58.801
   15.770  -58.692
   15.412  -58.666
   15.284  -58.526
   15.150  -58.288
   14.864  -57.913
   14.499  -57.791
   13.874  -57.711
   13.102  -57.568
   12.427  -57.468
   11.661  -57.424
   11.144  -57.533
   10.634  -57.762
   10.160  -58.157
   10.160  -58.157
   10.190  -58.639
   10.220  -59.121
   10.295  -59.988
   10.345  -60.457
   10.395  -60.927
   10.427  -61.542
   10.459  -62.158
   10.482  -62.641
   10.509  -63.233
   10.532  -63.878
   10.532  -63.878
   10.519  -64.210
   10.474  -64.508
   10.539  -64.997
   10.600  -65.121
   10.615  -65.526
   10.653  -65.964
   10.662  -66.437
   10.667  -66.870
   10.592  -67.499
   10.499  -67.961
   10.499  -67.961
   10.511  -68.131
   10.535  -68.350
   10.502  -68.507
   10.455  -68.670
   10.299  -68.976
   10.196  -69.140
   10.121  -69.297
    9.976  -69.511
    9.797  -69.696
    9.582  -69.875
    9.388  -70.081
    9.139  -70.358
    9.014  -70.514
    8.876  -70.727
    8.807  -70.925
    8.661  -71.081
    8.571  -71.208
    8.453  -71.456
    8.342  -71.696
    8.195  -71.795
    8.105  -71.915
    7.903  -72.091
    7.819  -72.246
    7.700  -72.437
    7.568  -72.359
    7.323  -72.064
    7.198  -72.071
    7.030  -72.050
    6.681  -71.889
    6.465  -71.903
    6.262  -71.924
    6.046  -72.079
    5.788  -72.149
    5.537  -72.198
    5.264  -72.353
    5.118  -72.633
    4.936  -72.773
    4.741  -72.920
    4.413  -73.130
    4.308  -73.326
    4.168  -73.592
    3.979  -73.780
    3.819  -73.815
    3.560  -73.927
    3.420  -74.101
    3.294  -74.345
    3.022  -74.589
    2.791  -74.875
    2.498  -75.210
    2.281  -75.433
    1.932  -75.774
    1.618  -75.989
    1.506  -76.254
    1.276  -76.574
    1.101  -76.922
    0.899  -77.332
    0.586  -77.707
    0.148  -78.005
    0.148  -78.005
   -0.234  -78.193
   -0.748  -78.437
   -1.421  -78.667
   -1.994  -78.929
   -2.279  -79.225
   -2.472  -79.497
   -2.643  -79.803
   -2.883  -80.206
   -3.074  -80.575
   -3.264  -80.977
   -3.268  -81.302
   -3.245  -81.599
   -3.245  -81.599
   -3.721  -81.926
   -4.504  -82.010
   -5.253  -81.999
   -6.003  -81.954
   -6.655  -81.784
   -7.306  -81.549
   -7.988  -81.375
   -8.665  -81.041
   -9.434  -80.701
   -9.921  -80.368
  -10.560  -79.997
  -11.291  -79.618
  -11.890  -79.147
  -12.641  -78.665
  -13.014  -78.407
  -13.387  -78.148
  -13.914  -77.639
  -14.467  -77.125
  -14.843  -76.765
  -15.219  -76.403
  -15.736  -75.916
  -15.736  -75.916
  -15.117  -75.418
  -14.497  -74.922
  -13.876  -74.429
  -13.182  -73.850
  -12.486  -73.274
  -12.418  -72.655
  -12.348  -72.036
  -12.578  -71.392
  -12.807  -70.747
  -13.035  -70.125
  -13.261  -69.501
  -13.395  -69.046
  -13.527  -68.590
  -14.028  -68.008
  -14.527  -67.423
  -15.079  -67.218
  -15.714  -66.696
  -16.348  -66.171
  -16.729  -65.795
  -17.110  -65.419
  -17.402  -64.585
  -17.464  -63.856
  -17.878  -63.836
  -18.375  -63.617
  -18.872  -63.396
  -19.511  -63.286
  -20.150  -63.176
  -20.759  -63.360
  -21.368  -63.545
  -21.399  -64.139
  -21.427  -64.732
  -21.465  -65.427
  -21.500  -66.123
  -21.500  -66.634
  -21.500  -67.144
  -21.500  -67.655
  -21.500  -68.166
  -21.500  -69.114
  -21.500  -70.062
  -21.734  -70.683
  -21.965  -71.307
  -21.965  -71.307
  -22.758  -71.347
  -23.523  -71.389
  -24.263  -71.466
  -25.093  -71.524
  -25.840  -71.628
  -26.652  -71.752
  -27.248  -71.847
  -27.755  -71.958
  -28.278  -72.170
  -28.901  -72.433
  -29.536  -72.555
  -30.190  -72.600
  -30.965  -72.618
  -31.531  -72.678
  -32.319  -72.762
  -32.742  -72.889
  -33.358  -72.861
  -33.837  -72.938
  -34.290  -73.246
  -34.888  -73.675
  -35.578  -73.897
  -36.165  -74.262
  -36.725  -74.442
  -37.563  -74.596
  -38.138  -74.655
  -38.542  -74.836
  -39.068  -74.988
  -39.564  -75.150
  -39.813  -75.128
  -40.359  -75.195
  -40.863  -75.189
  -41.367  -75.392
  -41.826  -75.397
  -42.285  -75.402
  -42.972  -75.558
  -43.648  -75.632
  -44.051  -75.782
  -44.849  -75.821
  -45.658  -76.006
  -45.658  -76.006
  -46.422  -75.958
  -47.080  -75.997
  -47.478  -76.321
  -47.875  -76.650
  -48.507  -76.925
  -49.192  -77.024
  -49.845  -76.990
  -50.729  -76.757
  -51.377  -76.626
  -52.068  -76.483
  -52.068  -76.483
  -52.315  -75.743
  -52.556  -74.996
  -52.911  -74.035
  -53.313  -73.010
  -53.718  -72.082
  -53.922  -71.291
  -54.099  -70.513
  -54.231  -69.867
  -54.430  -68.989
  -54.394  -67.404
  -54.318  -65.871
  -54.173  -64.788
  -54.018  -63.713
  -53.917  -62.821
  -53.810  -61.933
  -53.673  -60.532
  -53.598  -59.246
  -53.626  -57.750
  -53.649  -56.457
  -53.530  -55.596
  -53.406  -54.741
  -53.209  -53.382
  -52.873  -52.176
  -52.710  -50.671
  -52.664  -49.163
  -52.691  -47.663
  -52.830  -46.414
  -52.931  -45.191
  -53.270  -44.209
  -53.600  -43.212
  -53.880  -42.410
  -54.154  -41.597
  -54.397  -40.660
  -54.633  -39.711
  -54.853  -38.715
  -55.086  -37.810
  -55.215  -36.846
  -55.642  -36.108
  -55.730  -34.591
  -55.605  -33.691
  -55.458  -33.058
  -54.860  -33.355
  -54.460  -33.734
  -54.585  -32.367
  -54.822  -30.906
  -55.033  -29.488
  -55.033  -29.488
  -55.005  -28.647
  -55.095  -27.604
  -55.232  -26.995
  -54.836  -25.383
  -54.418  -23.798
  -53.978  -22.242
  -53.517  -20.717
  -53.037  -19.223
  -52.539  -17.762
  -52.023  -16.334
  -51.490  -14.940
  -50.942  -13.581
  -50.380  -12.256
  -49.804  -10.966
  -49.216   -9.710
  -48.694   -9.909
  -48.172  -10.104
  -47.649  -10.296
  -47.126  -10.483
  -47.245  -11.189
  -47.361  -11.898
  -47.471  -12.610
  -47.578  -13.325
  -46.688  -13.572
  -45.797  -13.810
  -45.898  -14.716
  -45.371  -14.894
  -45.476  -15.594
  -45.028  -15.760
  -44.580  -15.924
  -44.132  -16.086
  -43.684  -16.244
  -43.387  -16.330
  -42.868  -16.430
  -42.868  -16.430
  -42.338  -16.215
  -41.806  -16.332
  -41.519  -16.678
  -41.176  -16.744
  -40.790  -16.817
  -40.366  -16.867
  -40.273  -16.470
  -39.790  -16.415
  -39.681  -15.922
  -39.352  -15.965
  -38.883  -16.044
  -38.558  -16.361
  -38.401  -16.799
  -38.447  -17.050
  -38.025  -17.388
  -37.472  -17.533
  -37.374  -17.233
  -36.944  -17.333
  -36.562  -17.440
  -36.472  -17.085
  -36.068  -17.419
  -35.663  -17.703
  -35.499  -16.962
  -35.343  -16.027
  -35.182  -15.100
  -34.770  -15.266
  -34.690  -15.083
  -34.238  -15.274
  -34.043  -14.515
  -33.569  -14.702
  -33.499  -14.367
  -32.898  -14.446
  -32.400  -14.523
  -32.275  -13.883
  -32.143  -13.245
  -31.661  -13.371
  -31.179  -13.499
  -31.157  -13.367
  -30.491  -13.543
  -29.828  -13.716
  -29.852  -13.820
  -29.251  -13.990
  -29.098  -13.262
  -28.941  -12.533
  -28.941  -12.533
