SB
   -7.395  148.587
   -7.032  149.314
   -6.939  149.860
   -6.881  150.146
   -6.694  150.663
   -6.443  151.148
   -6.210  151.519
   -5.926  151.876
   -5.755  152.257
   -5.640  152.653
   -5.741  153.107
   -5.946  153.519
   -6.265  153.930
   -6.265  153.930
   -6.046  153.823
   -5.704  153.614
   -5.361  153.403
   -5.018  153.193
   -4.603  152.927
   -4.188  152.662
   -4.130  152.616
   -4.039  152.557
   -3.974  152.478
   -3.903  152.415
   -3.822  152.328
   -3.739  152.226
   -3.666  152.132
   -3.636  152.038
   -3.649  151.987
   -3.677  151.929
   -3.720  151.814
   -3.769  151.675
   -3.665  151.563
   -3.754  151.428
   -3.706  151.375
   -3.656  151.301
   -3.656  151.301
   -3.737  151.222
   -3.806  151.095
   -3.692  150.987
   -3.724  150.909
   -3.775  150.793
   -3.818  150.678
   -3.839  150.552
   -3.857  150.447
   -3.881  150.320
   -3.903  150.240
   -3.874  150.226
   -3.829  150.192
   -3.790  150.121
   -3.752  150.027
   -3.724  149.938
   -3.659  149.872
   -3.617  149.817
   -3.618  149.816
   -3.592  149.773
   -3.580  149.717
   -3.570  149.603
   -3.544  149.453
   -3.522  149.295
   -3.466  149.089
   -3.395  148.878
   -3.306  148.675
   -3.222  148.499
   -3.141  148.329
   -3.026  148.123
   -2.922  147.983
   -2.813  147.816
   -2.879  147.605
   -2.881  147.539
   -2.909  147.478
   -2.962  147.407
   -3.053  147.325
   -3.152  147.241
   -3.261  147.162
   -3.385  147.083
   -3.514  146.999
   -3.641  146.918
   -3.755  146.836
   -3.438  146.415
   -3.471  146.110
   -3.485  145.399
   -3.550  144.807
   -3.531  144.368
   -3.460  143.743
   -3.460  143.743
   -3.766  144.079
   -4.004  144.416
   -4.376  144.583
   -4.697  144.733
   -4.968  144.867
   -5.202  145.007
   -5.762  145.505
   -6.112  146.007
   -6.513  146.497
   -6.718  146.956
   -7.103  147.476
   -7.312  148.010
   -7.395  148.587
   -7.395  148.587
