sc
  -52.068  -76.483
  -52.928  -76.312
  -53.435  -76.020
  -53.941  -75.720
  -54.294  -75.239
  -54.645  -74.749
  -55.004  -74.120
  -55.359  -73.480
  -55.665  -72.995
  -55.962  -72.277
  -56.255  -71.548
  -56.622  -70.401
  -56.852  -69.256
  -57.072  -68.097
  -57.502  -67.102
  -57.736  -65.867
  -57.959  -64.617
  -57.959  -64.617
  -58.359  -63.571
  -58.603  -62.571
  -59.011  -61.040
  -59.453  -59.705
  -59.728  -58.970
  -59.999  -58.223
  -60.565  -56.925
  -60.565  -56.925
  -60.742  -56.269
  -60.700  -55.810
  -60.763  -55.067
  -60.978  -54.309
  -61.510  -54.301
  -61.510  -54.301
  -61.037  -53.122
  -60.753  -52.068
  -60.572  -51.119
  -60.094  -50.887
  -60.044  -49.599
  -59.968  -48.251
  -59.960  -46.963
  -60.092  -45.603
  -60.242  -44.226
  -60.242  -44.226
  -60.376  -43.151
  -60.501  -42.067
  -60.975  -41.214
  -60.634  -39.827
  -61.018  -39.093
  -61.243  -37.560
  -61.392  -36.418
  -60.989  -34.825
  -60.701  -33.446
  -60.409  -32.367
  -60.409  -32.367
  -60.512  -31.014
  -60.575  -29.738
  -60.601  -28.743
  -60.617  -27.697
  -60.617  -27.697
  -60.467  -27.705
  -60.459  -28.677
  -60.435  -29.598
  -60.174  -29.881
  -59.937  -30.031
  -59.515  -30.108
  -59.514  -29.555
  -58.817  -29.563
  -58.805  -29.951
  -58.272  -30.007
  -58.262  -29.844
  -57.598  -29.852
  -57.599  -30.069
  -57.095  -30.129
  -57.094  -30.380
  -56.851  -30.469
  -56.859  -30.743
  -56.570  -30.743
  -56.511  -30.727
  -56.449  -30.721
  -56.443  -30.378
  -56.290  -30.334
  -56.135  -30.325
  -56.052  -30.332
  -55.949  -30.334
  -55.864  -30.326
  -55.754  -30.316
  -55.684  -29.817
  -55.605  -29.773
  -55.501  -29.794
  -55.327  -29.815
  -55.204  -29.715
  -55.033  -29.488
  -55.033  -29.488
  -54.822  -30.906
  -54.585  -32.367
  -54.460  -33.734
  -54.860  -33.355
  -55.458  -33.058
  -55.605  -33.691
  -55.730  -34.591
  -55.642  -36.108
  -55.215  -36.846
  -55.086  -37.810
  -54.853  -38.715
  -54.633  -39.711
  -54.397  -40.660
  -54.154  -41.597
  -53.880  -42.410
  -53.600  -43.212
  -53.270  -44.209
  -52.931  -45.191
  -52.830  -46.414
  -52.691  -47.663
  -52.664  -49.163
  -52.710  -50.671
  -52.873  -52.176
  -53.209  -53.382
  -53.406  -54.741
  -53.530  -55.596
  -53.649  -56.457
  -53.626  -57.750
  -53.598  -59.246
  -53.673  -60.532
  -53.810  -61.933
  -53.917  -62.821
  -54.018  -63.713
  -54.173  -64.788
  -54.318  -65.871
  -54.394  -67.404
  -54.430  -68.989
  -54.231  -69.867
  -54.099  -70.513
  -53.922  -71.291
  -53.718  -72.082
  -53.313  -73.010
  -52.911  -74.035
  -52.556  -74.996
  -52.315  -75.743
  -52.068  -76.483
  -52.068  -76.483
