SL
  -60.565  -56.925
  -60.855  -57.494
  -60.962  -58.131
  -61.082  -58.891
  -61.177  -59.836
  -61.363  -60.650
  -61.543  -61.332
  -61.841  -62.203
  -62.110  -63.105
  -62.422  -63.969
  -62.422  -63.969
  -62.825  -63.292
  -63.001  -62.420
  -63.293  -61.750
  -62.945  -60.118
  -62.553  -58.614
  -62.304  -57.390
  -62.063  -56.306
  -61.687  -55.436
  -61.510  -54.301
  -61.510  -54.301
  -60.978  -54.309
  -60.763  -55.067
  -60.700  -55.810
  -60.742  -56.269
  -60.565  -56.925
  -60.565  -56.925
