sm
  -36.162   52.338
  -36.153   52.902
  -36.141   53.467
  -35.517   53.471
  -35.302   54.216
  -34.542   54.255
  -34.560   55.275
  -34.287   55.301
  -34.235   55.699
  -33.653   55.738
  -33.627   56.401
  -33.554   57.061
  -32.835   57.091
  -32.303   57.122
  -31.771   57.153
  -31.722   57.800
  -31.691   58.456
  -31.055   58.530
  -31.050   59.167
  -30.567   59.188
  -30.561   60.005
  -30.532   60.763
  -30.015   60.747
  -29.999   60.762
  -29.465   60.786
  -28.931   60.810
  -28.920   61.532
  -28.777   61.518
  -28.811   62.162
  -28.490   62.135
  -28.459   62.746
  -28.152   62.703
  -28.164   63.211
  -28.021   63.194
  -28.039   63.621
  -27.831   63.604
  -27.817   64.467
  -27.812   65.332
  -27.514   65.347
  -27.515   66.359
  -27.281   66.373
  -27.269   67.129
  -26.867   67.156
  -26.870   67.424
  -26.572   67.433
  -26.583   67.962
  -26.291   67.979
  -26.262   68.622
  -26.121   68.598
  -26.141   68.820
  -26.009   68.829
  -25.993   69.150
  -25.784   69.138
  -25.782   69.460
  -25.676   69.490
  -25.651   69.960
  -25.651   69.960
  -25.483   70.090
  -24.970   69.592
  -24.678   69.939
  -24.369   69.680
  -24.040   69.402
  -23.709   69.850
  -23.373   69.558
  -22.831   69.162
  -22.387   68.797
  -22.088   69.202
  -21.450   68.653
  -20.878   68.277
  -20.712   68.559
  -20.291   68.213
  -20.469   67.897
  -20.280   67.768
  -20.369   67.593
  -20.073   67.309
  -20.218   67.040
  -19.870   66.751
  -20.078   66.428
  -19.578   66.033
  -18.828   65.522
  -18.443   65.264
  -18.058   65.007
  -17.783   65.542
  -17.450   66.143
  -17.090   66.708
  -16.659   67.410
  -16.139   67.033
  -15.942   67.383
  -15.822   67.290
  -15.270   66.888
  -14.698   66.488
  -14.339   66.208
  -13.979   65.928
  -13.777   66.210
  -13.268   65.820
  -12.833   66.369
  -12.426   66.033
  -12.018   65.698
  -11.559   66.418
  -11.210   66.167
  -10.762   66.787
  -10.350   66.460
   -9.990   66.919
   -9.630   67.378
   -9.270   67.090
   -8.881   67.565
   -8.492   68.039
   -8.027   67.642
   -7.648   68.073
   -7.253   67.811
   -6.811   68.274
   -6.811   68.274
   -6.259   67.782
   -5.891   68.219
   -5.472   68.607
   -5.042   68.198
   -4.549   68.751
   -4.118   68.349
   -3.771   68.667
   -3.351   68.270
   -2.888   67.892
   -2.540   68.249
   -2.088   67.788
   -1.913   67.929
   -1.440   67.367
   -1.040   67.662
   -0.578   67.023
   -0.340   67.209
   -0.039   66.839
    0.337   67.159
    0.722   66.657
    1.068   66.870
    1.331   66.493
    1.621   66.673
    1.859   66.333
    2.052   65.992
    2.393   66.179
    2.752   66.379
    2.971   65.963
    3.299   65.489
    2.921   65.213
    3.299   64.682
    3.217   64.618
    3.602   63.890
    3.482   63.819
    3.700   63.388
    3.631   63.331
    3.893   62.868
    4.108   63.002
    4.523   62.457
    4.911   62.000
    5.262   61.529
    5.490   61.657
    5.910   61.142
    6.310   60.670
    6.767   60.038
    6.951   60.179
    7.312   59.700
    7.673   59.220
    7.768   59.309
    8.097   58.880
    8.167   58.918
    8.401   58.611
    8.647   58.251
    8.863   58.430
    9.090   58.148
    9.293   58.263
    9.450   58.018
    9.532   58.063
    9.942   57.491
    9.681   57.261
    9.857   57.029
    9.857   56.977
    9.971   56.919
   10.434   57.138
   10.896   57.356
   11.359   57.576
   11.821   57.796
   12.284   58.017
   12.745   58.239
   12.745   58.239
   13.002   57.867
   13.138   57.639
   13.309   57.733
   13.451   57.810
   13.523   57.689
   13.643   57.477
   13.740   57.301
   13.772   57.299
   13.848   57.140
   13.937   56.969
   14.068   57.037
   14.141   56.903
   14.208   56.762
   14.302   56.819
   14.623   56.265
   14.623   56.265
   14.643   56.208
   14.621   56.179
   14.641   56.057
   14.692   55.822
   14.722   55.669
   14.681   55.631
   14.729   55.480
   14.789   55.278
   14.851   55.108
   14.712   55.047
   14.727   54.958
   14.801   54.731
   14.870   54.549
   14.760   54.511
   14.621   54.450
   14.640   54.387
   14.671   54.332
   14.681   54.287
   14.691   54.249
   14.710   54.193
   14.733   54.149
   14.772   54.069
   14.657   54.018
   14.489   53.929
   14.351   53.862
   14.361   53.818
   14.441   53.579
   14.512   53.358
   14.562   53.220
   14.538   53.211
   14.559   53.122
   14.622   52.907
   14.681   52.737
   14.562   52.667
   14.597   52.547
   14.662   52.299
   14.689   52.139
   14.353   51.940
   14.028   51.763
   13.667   51.570
   13.458   51.449
   13.272   51.343
   13.122   51.253
   13.192   51.079
   13.279   50.842
   13.362   50.661
   13.218   50.573
   13.273   50.429
   13.312   50.310
   13.229   50.252
   13.123   50.167
   13.168   50.061
   13.251   49.849
   13.313   49.680
   13.169   49.593
   13.008   49.472
   13.042   49.430
   12.897   49.349
   12.802   49.278
   12.853   49.071
   12.908   48.882
   12.770   48.803
   12.658   48.699
   12.691   48.567
   12.729   48.448
   12.573   48.349
   12.602   48.267
   12.641   48.142
   12.671   48.048
   12.581   47.991
   12.461   47.901
   12.492   47.788
   12.518   47.649
   12.441   47.587
   12.369   47.539
   12.430   47.319
   12.463   47.161
   12.359   47.130
   12.388   47.049
   12.403   46.992
   12.300   46.930
   12.211   46.849
   12.248   46.717
   12.292   46.579
   12.202   46.511
   12.088   46.429
   12.143   46.311
   12.172   46.198
   12.112   46.150
   12.058   46.110
   12.100   45.851
   12.152   45.650
   12.159   45.637
   12.073   45.602
   11.983   45.522
   12.018   45.428
   12.053   45.328
   11.998   45.281
   11.999   45.097
   12.012   44.913
   12.019   44.882
   12.022   44.780
   12.013   44.513
   12.008   44.049
   12.013   43.650
   11.795   42.841
   11.577   42.033
   11.577   42.033
   11.317   41.442
   10.732   41.117
   10.146   40.792
    9.796   40.449
    9.446   40.107
    9.071   39.790
    8.696   39.473
    8.296   39.157
    7.895   38.841
    7.447   38.477
    6.998   38.115
    6.477   37.849
    5.956   37.583
    5.958   36.914
    5.484   36.601
    5.009   36.290
    5.099   35.782
    5.188   35.275
    5.277   34.767
    5.366   34.260
    5.455   33.752
    5.543   33.244
    5.630   32.736
    5.717   32.227
    5.097   31.753
    4.477   31.279
    4.235   30.471
    3.524   30.475
    2.812   30.478
    2.648   31.049
    2.483   31.620
    1.960   31.122
    1.437   30.625
    0.749   30.246
    0.060   29.867
   -0.626   29.630
   -1.313   29.392
   -1.809   29.130
   -2.306   28.868
   -3.134   28.910
   -3.962   28.953
   -4.557   29.280
   -5.151   29.608
   -5.625   29.604
   -6.099   29.600
   -6.791   30.046
   -7.483   30.493
   -7.631   31.042
   -7.778   31.592
   -8.162   32.117
   -8.546   32.643
   -8.643   33.099
   -8.741   33.556
   -9.598   33.818
  -10.455   34.081
  -10.974   34.969
  -11.491   35.864
  -12.008   36.765
  -12.523   37.671
  -13.036   38.582
  -13.545   39.497
  -14.052   40.417
  -14.555   41.341
  -15.054   42.268
  -15.549   43.198
  -16.038   44.130
  -16.522   45.064
  -17.000   46.000
  -18.122   46.000
  -19.247   46.000
  -20.373   46.000
  -21.500   46.000
  -22.627   46.000
  -23.753   46.000
  -24.878   46.000
  -26.000   46.000
  -26.931   46.522
  -27.863   47.053
  -28.795   47.596
  -29.726   48.149
  -30.656   48.713
  -31.583   49.288
  -32.508   49.874
  -33.429   50.472
  -34.345   51.082
  -35.257   51.704
  -36.162   52.338
