sr
  -55.232  -26.995
  -55.424  -26.414
  -55.840  -25.721
  -56.292  -25.149
  -56.734  -24.696
  -57.174  -24.233
  -57.425  -24.130
  -58.195  -23.819
  -58.921  -23.991
  -59.386  -24.456
  -59.973  -25.069
  -60.391  -26.071
  -60.391  -26.071
  -60.545  -25.093
  -60.692  -24.107
  -60.723  -22.914
  -60.744  -21.719
  -60.782  -20.651
  -60.811  -19.581
  -60.289  -19.370
  -60.250  -18.646
  -59.938  -18.547
  -59.542  -18.433
  -59.509  -18.123
  -59.153  -18.060
  -59.129  -17.667
  -59.098  -16.917
  -59.098  -16.410
  -58.767  -16.226
  -58.459  -16.005
  -58.439  -15.972
  -58.390  -15.069
  -58.317  -13.954
  -58.241  -12.649
  -58.158  -11.190
  -58.092   -9.885
  -57.989   -8.607
  -57.920   -7.525
  -57.869   -7.009
  -57.617   -7.013
  -57.318   -6.999
  -57.270   -6.538
  -57.240   -6.130
  -56.982   -6.094
  -56.672   -6.057
  -56.627   -5.448
  -56.592   -4.693
  -56.210   -4.675
  -55.807   -4.691
  -55.769   -4.056
  -55.740   -3.720
  -55.707   -2.896
  -55.657   -2.080
  -55.653   -1.614
  -55.129   -1.606
  -55.019   -1.039
  -54.852   -0.438
  -54.852   -0.438
  -54.453   -0.915
  -54.053   -1.382
  -54.327   -2.372
  -53.547   -2.920
  -52.764   -3.447
  -51.979   -3.956
  -52.049   -4.238
  -51.591   -4.478
  -51.133   -4.713
  -50.675   -4.943
  -50.216   -5.169
  -50.417   -6.160
  -50.610   -7.159
  -50.001   -7.433
  -50.059   -7.638
  -49.270   -7.961
  -49.283   -8.022
  -48.961   -8.139
  -49.091   -8.922
  -49.216   -9.710
  -49.804  -10.966
  -50.380  -12.256
  -50.942  -13.581
  -51.490  -14.940
  -52.023  -16.334
  -52.539  -17.762
  -53.037  -19.223
  -53.517  -20.717
  -53.978  -22.242
  -54.418  -23.798
  -54.836  -25.383
  -55.232  -26.995
