SS
   -6.265  153.930
   -5.946  153.519
   -5.741  153.107
   -5.640  152.653
   -5.755  152.257
   -5.926  151.876
   -6.210  151.519
   -6.443  151.148
   -6.694  150.663
   -6.881  150.146
   -6.939  149.860
   -7.032  149.314
   -7.395  148.587
   -7.395  148.587
   -7.475  148.733
   -7.607  148.944
   -7.665  149.148
   -7.665  149.334
   -7.624  149.609
   -7.612  149.866
   -7.629  150.173
   -7.687  150.555
   -7.757  150.917
   -7.852  151.307
   -7.955  151.680
   -8.104  152.062
   -8.260  152.411
   -8.388  152.685
   -8.544  152.959
   -8.684  153.108
   -8.783  153.170
   -8.890  153.237
   -9.186  153.255
   -9.186  153.255
   -8.966  153.697
   -8.633  154.087
   -8.296  154.481
   -7.962  154.872
   -7.629  155.262
   -7.489  155.454
   -7.489  155.454
   -7.293  154.927
   -7.293  154.927
   -6.818  154.540
   -6.507  154.225
   -6.265  153.930
   -6.265  153.930
