su
   -8.167  104.576
   -8.569  104.981
   -8.926  105.590
   -9.240  106.123
   -9.371  106.345
   -9.665  106.827
   -9.890  107.379
  -10.053  107.836
  -10.178  108.363
  -10.328  109.067
  -10.371  109.626
  -10.440  110.159
  -10.477  110.615
  -10.477  111.015
  -10.577  111.523
  -10.652  112.170
  -10.758  112.563
  -10.870  113.204
  -10.964  113.756
  -11.088  114.410
  -11.150  115.013
  -11.219  115.571
  -11.275  116.174
  -11.331  116.853
  -11.337  117.576
  -11.387  118.236
  -11.362  118.750
  -11.393  119.270
  -11.462  119.841
  -11.524  120.451
  -11.492  120.886
  -11.492  120.886
  -10.829  120.995
  -10.165  121.033
   -9.586  120.821
   -9.007  120.610
   -8.410  120.576
   -7.812  120.543
   -7.812  120.543
   -6.968  120.546
   -6.122  120.620
   -5.276  120.516
   -4.640  120.341
   -4.303  119.953
   -3.966  119.565
   -3.610  118.823
   -3.610  118.823
   -3.255  118.578
   -2.408  118.723
   -1.950  118.884
   -1.491  119.045
   -0.680  119.296
   -0.081  119.475
   -0.081  119.475
    0.714  119.249
    1.577  119.306
    2.033  119.696
    2.208  120.189
    2.311  120.824
    2.309  121.669
    2.377  122.480
    2.024  123.219
    2.006  123.430
    2.006  123.430
    1.812  123.448
    1.354  123.535
    0.843  123.746
    0.437  124.010
    0.013  124.416
   -0.269  124.857
   -0.446  125.263
   -0.446  125.263
   -0.128  125.616
    0.190  125.969
    0.190  125.969
    1.001  126.144
    1.706  126.426
    1.706  126.426
    2.346  126.872
    2.346  126.872
    2.319  127.446
    2.290  128.081
    1.974  128.187
    1.623  128.752
    1.059  129.197
    1.059  129.197
    1.928  129.246
    2.671  129.217
    3.114  128.998
    3.700  128.684
    4.335  128.387
    4.763  128.151
    5.224  127.836
    5.474  127.498
    5.897  127.459
    6.447  127.250
    7.292  127.234
    8.136  127.219
    8.750  127.053
    9.449  126.824
   10.296  126.573
   11.060  126.214
   11.630  126.240
   12.265  126.137
   12.818  125.686
   13.306  125.494
   14.132  125.150
   14.704  124.891
   14.704  124.891
   14.864  124.425
   15.023  123.959
   15.180  123.492
   15.337  123.024
   15.493  122.555
   15.648  122.086
   15.802  121.616
   15.955  121.145
   16.107  120.673
   16.257  120.201
   16.407  119.728
   16.556  119.255
   16.556  119.255
   16.840  119.248
   17.629  119.161
   18.201  119.279
   18.878  119.795
   19.487  120.115
   19.937  120.441
   20.255  120.502
   20.631  120.290
   21.202  120.344
   21.632  120.452
   21.632  120.452
   21.951  120.036
   22.269  119.618
   22.003  118.958
   22.107  118.484
   21.498  118.045
   20.720  117.864
   20.330  117.504
   19.939  117.145
   19.815  116.319
   19.687  115.494
   19.340  114.926
   18.826  114.419
   18.438  114.000
   18.438  114.000
   18.280  113.313
   18.121  112.628
   18.038  112.098
   17.955  111.569
   17.870  111.040
   17.783  110.512
   17.785  109.573
   17.784  108.634
   17.777  107.695
   17.766  106.756
   17.750  105.817
   17.730  104.878
   17.709  104.312
   17.685  103.746
   17.660  103.180
   17.633  102.615
   17.350  102.032
   17.066  101.451
   16.575  101.141
   16.084  100.832
   15.462  100.297
   14.838   99.766
   14.446   99.210
   14.434   98.300
   14.419   97.390
   14.400   96.480
   14.400   96.480
   14.129   96.503
   13.783   95.857
   12.918   95.505
   12.053   95.155
   11.188   94.807
   10.679   94.415
   10.170   94.024
    9.717   94.216
    9.270   94.415
    9.019   93.986
    8.686   94.171
    8.312   94.429
    7.847   94.775
    7.603   94.460
    7.139   94.883
    6.837   94.498
    6.259   94.950
    5.715   95.435
    5.114   96.013
    4.644   96.567
    3.772   96.601
    2.979   96.697
    2.185   96.783
    1.763   96.743
    1.345   96.202
    1.345   96.202
    1.123   96.379
    0.759   96.670
    0.116   97.011
   -0.547   97.372
   -1.247   97.769
   -1.634   98.035
   -2.021   98.301
   -2.665   98.874
   -3.312   99.370
   -3.729   99.675
   -4.145   99.980
   -4.656  100.359
   -5.305  100.791
   -5.983  101.346
   -6.558  101.858
   -7.197  102.452
   -7.621  103.183
   -7.863  103.763
   -8.167  104.576
   -8.167  104.576
