sw
  -55.033  -29.488
  -55.204  -29.715
  -55.327  -29.815
  -55.501  -29.794
  -55.605  -29.773
  -55.684  -29.817
  -55.754  -30.316
  -55.864  -30.326
  -55.949  -30.334
  -56.052  -30.332
  -56.135  -30.325
  -56.290  -30.334
  -56.443  -30.378
  -56.449  -30.721
  -56.511  -30.727
  -56.570  -30.743
  -56.859  -30.743
  -56.851  -30.469
  -57.094  -30.380
  -57.095  -30.129
  -57.599  -30.069
  -57.598  -29.852
  -58.262  -29.844
  -58.272  -30.007
  -58.805  -29.951
  -58.817  -29.563
  -59.514  -29.555
  -59.515  -30.108
  -59.937  -30.031
  -60.174  -29.881
  -60.435  -29.598
  -60.459  -28.677
  -60.467  -27.705
  -60.617  -27.697
  -60.617  -27.697
  -60.506  -26.890
  -60.391  -26.071
  -60.391  -26.071
  -59.973  -25.069
  -59.386  -24.456
  -58.921  -23.991
  -58.195  -23.819
  -57.425  -24.130
  -57.174  -24.233
  -56.734  -24.696
  -56.292  -25.149
  -55.840  -25.721
  -55.424  -26.414
  -55.232  -26.995
  -55.095  -27.604
  -55.005  -28.647
  -55.033  -29.488
  -55.033  -29.488
