TI
  -11.492  120.886
  -11.493  121.110
  -11.412  121.783
  -11.188  122.627
  -10.995  123.217
  -10.708  123.960
  -10.390  124.734
  -10.159  125.159
   -9.984  125.482
   -9.784  125.869
   -9.596  126.333
   -9.390  126.853
   -9.221  127.430
   -9.133  127.900
   -9.095  128.376
   -9.020  129.106
   -8.926  129.861
   -8.726  130.540
   -8.562  130.933
   -8.267  131.415
   -8.267  131.415
   -7.661  131.867
   -6.989  132.431
   -6.681  132.689
   -6.681  132.689
   -6.662  132.133
   -6.642  131.577
   -6.680  131.010
   -6.717  130.443
   -6.526  129.839
   -6.334  129.236
   -6.565  128.776
   -6.795  128.315
   -6.990  127.854
   -7.184  127.393
   -7.185  126.755
   -7.309  126.258
   -7.433  125.761
   -7.503  125.264
   -7.644  124.750
   -7.784  124.235
   -7.784  123.383
   -7.853  122.673
   -8.062  121.891
   -7.990  121.253
   -7.812  120.543
   -7.812  120.543
   -8.410  120.576
   -9.007  120.610
   -9.586  120.821
  -10.165  121.033
  -10.829  120.995
  -11.492  120.886
  -11.492  120.886
