TO
  -23.750 -174.985
  -23.513 -174.842
  -23.221 -174.663
  -22.906 -174.489
  -22.617 -174.323
  -22.290 -174.139
  -21.915 -173.952
  -21.526 -173.818
  -21.248 -173.703
  -20.893 -173.551
  -20.586 -173.403
  -20.204 -173.218
  -19.779 -173.053
  -19.461 -172.970
  -19.071 -172.874
  -18.777 -172.786
  -18.483 -172.698
  -18.152 -172.591
  -17.935 -172.540
  -17.677 -172.445
  -17.271 -172.374
  -16.963 -172.335
  -16.716 -172.311
  -16.332 -172.307
  -16.041 -172.300
  -15.732 -172.331
  -15.561 -172.355
  -15.373 -172.428
  -15.151 -172.602
  -15.033 -172.774
  -14.867 -172.939
  -14.785 -173.130
  -14.697 -173.273
  -14.584 -173.407
  -14.584 -173.407
  -14.534 -173.836
  -14.534 -173.836
  -14.629 -173.905
  -14.767 -174.007
  -14.895 -174.077
  -15.015 -174.139
  -15.133 -174.188
  -15.314 -174.264
  -15.251 -174.567
  -15.370 -174.667
  -15.471 -174.731
  -15.616 -174.822
  -15.739 -174.866
  -15.880 -174.870
  -15.936 -174.601
  -16.052 -174.568
  -16.201 -174.569
  -16.355 -174.576
  -16.597 -174.550
  -16.735 -174.535
  -16.874 -174.529
  -17.066 -174.523
  -17.101 -174.565
  -17.320 -174.599
  -17.360 -174.571
  -17.612 -174.597
  -17.630 -174.560
  -17.842 -174.568
  -18.035 -174.659
  -18.231 -174.757
  -18.416 -174.870
  -18.605 -174.956
  -18.788 -175.035
  -19.002 -175.095
  -19.225 -175.155
  -19.459 -175.189
  -19.704 -175.210
  -19.387 -175.979
  -19.387 -175.979
  -19.651 -176.027
  -19.814 -176.079
  -19.884 -176.122
  -20.106 -176.182
  -20.129 -176.116
  -20.265 -176.152
  -20.423 -176.159
  -20.494 -176.176
  -20.655 -176.190
  -20.796 -176.237
  -20.891 -176.264
  -21.000 -176.289
  -21.113 -176.322
  -21.301 -176.372
  -21.487 -176.405
  -21.601 -176.449
  -21.811 -176.520
  -22.007 -176.601
  -22.231 -176.635
  -22.286 -176.691
  -22.500 -176.709
  -22.735 -176.748
  -23.048 -176.913
  -23.414 -177.102
  -23.708 -177.250
  -24.105 -177.419
  -24.105 -177.419
  -24.029 -176.887
  -23.952 -176.356
  -23.853 -175.691
  -23.750 -174.985
  -23.750 -174.985
