WL
   -1.607  138.972
   -2.093  139.205
   -2.578  139.439
   -3.178  139.809
   -3.645  140.070
   -4.045  140.328
   -4.586  140.566
   -5.110  140.798
   -5.110  140.798
   -5.145  140.847
   -5.727  141.483
   -5.986  142.231
   -6.295  142.956
   -6.558  143.569
   -6.813  144.136
   -7.023  144.740
   -7.374  145.249
   -7.661  145.666
   -8.103  146.398
   -8.410  146.918
   -8.598  146.954
   -8.598  146.954
   -8.886  147.539
   -9.212  148.207
   -9.570  148.751
   -9.353  149.133
   -9.801  149.676
   -9.945  150.245
   -9.687  150.466
   -9.681  151.005
   -9.676  151.545
   -9.760  151.654
   -9.760  151.654
   -9.761  151.834
   -9.906  151.838
   -9.930  151.918
   -9.942  152.024
   -9.944  152.086
   -9.945  152.214
  -10.039  152.223
  -10.047  152.413
  -10.056  152.547
  -10.078  152.651
  -10.088  152.849
  -10.384  152.855
  -10.398  153.174
  -10.398  153.362
  -10.355  153.552
  -10.345  153.752
  -10.325  153.847
  -10.341  154.010
  -10.331  154.125
  -10.323  154.169
  -10.279  154.219
   -9.913  154.218
   -9.872  154.379
   -9.811  154.596
   -9.763  154.719
   -9.723  154.849
   -9.839  154.856
   -9.835  154.951
   -9.795  155.070
   -9.730  155.172
   -9.621  155.172
   -9.556  155.291
   -9.532  155.347
   -9.493  155.436
   -9.568  155.473
   -9.531  155.577
   -9.581  155.599
   -9.548  155.708
   -9.526  155.797
   -9.572  155.813
   -9.555  155.908
   -9.548  155.979
   -9.558  155.989
   -9.538  156.086
   -9.405  156.066
   -9.381  156.124
   -9.268  156.101
   -9.225  156.258
   -9.206  156.350
   -9.179  156.428
   -8.809  156.390
   -8.598  156.361
   -8.385  156.331
   -8.174  156.296
   -8.174  156.296
   -7.884  156.047
   -7.706  155.812
   -7.489  155.454
   -7.489  155.454
   -7.629  155.262
   -7.962  154.872
   -8.296  154.481
   -8.633  154.087
   -8.966  153.697
   -9.186  153.255
   -9.186  153.255
   -8.890  153.237
   -8.783  153.170
   -8.684  153.108
   -8.544  152.959
   -8.388  152.685
   -8.260  152.411
   -8.104  152.062
   -7.955  151.680
   -7.852  151.307
   -7.757  150.917
   -7.687  150.555
   -7.629  150.173
   -7.612  149.866
   -7.624  149.609
   -7.665  149.334
   -7.665  149.148
   -7.607  148.944
   -7.475  148.733
   -7.395  148.587
   -7.395  148.587
   -7.312  148.010
   -7.103  147.476
   -6.718  146.956
   -6.513  146.497
   -6.112  146.007
   -5.762  145.505
   -5.202  145.007
   -4.968  144.867
   -4.697  144.733
   -4.376  144.583
   -4.004  144.416
   -3.766  144.079
   -3.460  143.743
   -3.460  143.743
   -3.156  143.508
   -3.053  143.172
   -3.018  142.936
   -2.932  142.633
   -2.814  142.449
   -2.693  142.246
   -2.693  142.246
   -2.398  141.868
   -2.272  141.594
   -2.167  141.195
   -1.893  140.837
   -1.767  140.226
   -1.557  139.805
   -1.390  139.257
   -1.159  138.793
   -1.159  138.793
   -1.607  138.972
   -1.607  138.972
