0.2 1.49414
0.3 1.01411
0.4 0.737646
0.5 0.544124
0.6 0.395212
0.7 0.273319
0.8 0.170274
0.9 0.0804248
0.19 1.56703
0.20 1.49414
0.21 1.42817
0.22 1.36722
0.23 1.31193
0.24 1.26041
0.25 1.21265
0.26 1.16804
0.27 1.12595
0.28 1.08636
0.29 1.04929
0.30 1.01411
0.31 0.980177
0.32 0.948761
0.33 0.917973
0.34 0.889071
0.35 0.861425
0.36 0.834407
0.37 0.808646
0.38 0.784142
0.39 0.760265
0.40 0.737646
0.41 0.715026
0.42 0.693664
0.43 0.672929
0.44 0.652823
0.45 0.633345
0.46 0.614496
0.47 0.596274
0.48 0.578681
0.49 0.561088
0.50 0.544124
0.51 0.527788
0.52 0.511451
0.53 0.495743
0.54 0.480664
0.55 0.465584
0.56 0.450504
0.57 0.436053
0.58 0.42223
0.59 0.408407
0.60 0.395212
0.61 0.382018
0.62 0.368823
0.63 0.356257
0.64 0.34369
0.65 0.331752
0.66 0.319814
0.67 0.307876
0.68 0.295938
0.69 0.284628
0.70 0.273319
0.71 0.262637
0.72 0.251327
0.73 0.240646
0.74 0.230593
0.75 0.219911
0.76 0.209858
0.77 0.199805
0.78 0.189752
0.79 0.179699
0.80 0.170274
0.81 0.16085
0.82 0.151425
0.83 0.142
0.84 0.133204
0.85 0.123779
0.86 0.114982
0.87 0.106186
0.88 0.0973894
0.89 0.0885929
0.90 0.0804248
0.91 0.0722566
0.92 0.0634602
0.93 0.055292
0.94 0.0471239
0.95 0.0395841
0.96 0.0314159
0.97 0.0232478
