0.00000 90.00000

-180.00000 85.00000

-122.63143 85.00000

-65.26287 85.00000

-7.89430 85.00000

49.47426 85.00000

106.84283 85.00000

-138.42004 80.00000

-109.62618 80.00000

-80.83233 80.00000

-52.03848 80.00000

-23.24463 80.00000

5.54923 80.00000

34.34308 80.00000

63.13693 80.00000

91.93078 80.00000

120.72464 80.00000

149.51849 80.00000

178.31234 80.00000

-152.89381 80.00000

-95.30610 75.00000

-75.98759 75.00000

-56.66907 75.00000

-37.35055 75.00000

-18.03204 75.00000

1.28648 75.00000

20.60500 75.00000

39.92351 75.00000

59.24203 75.00000

78.56055 75.00000

97.87906 75.00000

117.19758 75.00000

136.51610 75.00000

155.83461 75.00000

175.15313 75.00000

-165.52835 75.00000

-146.20984 75.00000

-126.89132 75.00000

-107.57281 75.00000

-68.93577 70.00000

-54.31675 70.00000

-39.69773 70.00000

-25.07871 70.00000

-10.45968 70.00000

4.15934 70.00000

18.77836 70.00000

33.39738 70.00000

48.01640 70.00000

62.63543 70.00000

77.25445 70.00000

91.87347 70.00000

106.49249 70.00000

121.11151 70.00000

135.73054 70.00000

150.34956 70.00000

164.96858 70.00000

179.58760 70.00000

-165.79338 70.00000

-151.17435 70.00000

-136.55533 70.00000

-121.93631 70.00000

-107.31729 70.00000

-92.69827 70.00000

-78.07924 70.00000

-48.84120 65.00000

-37.01019 65.00000

-25.17918 65.00000

-13.34818 65.00000

-1.51717 65.00000

10.31384 65.00000

22.14485 65.00000

33.97586 65.00000

45.80686 65.00000

57.63787 65.00000

69.46888 65.00000

81.29989 65.00000

93.13089 65.00000

104.96190 65.00000

116.79291 65.00000

128.62392 65.00000

140.45493 65.00000

152.28593 65.00000

164.11694 65.00000

175.94795 65.00000

-172.22104 65.00000

-160.39003 65.00000

-148.55903 65.00000

-136.72802 65.00000

-124.89701 65.00000

-113.06600 65.00000

-101.23499 65.00000

-89.40399 65.00000

-77.57298 65.00000

-65.74197 65.00000

-42.07995 60.00000

-32.07995 60.00000

-22.07995 60.00000

-12.07995 60.00000

-2.07995 60.00000

7.92005 60.00000

17.92005 60.00000

27.92005 60.00000

37.92005 60.00000

47.92005 60.00000

57.92005 60.00000

67.92005 60.00000

77.92005 60.00000

87.92005 60.00000

97.92005 60.00000

107.92005 60.00000

117.92005 60.00000

127.92005 60.00000

137.92005 60.00000

147.92005 60.00000

157.92005 60.00000

167.92005 60.00000

177.92005 60.00000

-172.07995 60.00000

-162.07995 60.00000

-152.07995 60.00000

-142.07995 60.00000

-132.07995 60.00000

-122.07995 60.00000

-112.07995 60.00000

-102.07995 60.00000

-92.07995 60.00000

-82.07995 60.00000

-72.07995 60.00000

-62.07995 60.00000

-52.07995 60.00000

-32.07995 55.00000

-23.36272 55.00000

-14.64549 55.00000

-5.92825 55.00000

2.78898 55.00000

11.50622 55.00000

20.22345 55.00000

28.94068 55.00000

37.65792 55.00000

46.37515 55.00000

55.09239 55.00000

63.80962 55.00000

72.52685 55.00000

81.24409 55.00000

89.96132 55.00000

98.67856 55.00000

107.39579 55.00000

116.11302 55.00000

124.83026 55.00000

133.54749 55.00000

142.26472 55.00000

150.98196 55.00000

159.69919 55.00000

168.41643 55.00000

177.13366 55.00000

-174.14911 55.00000

-165.43187 55.00000

-156.71464 55.00000

-147.99740 55.00000

-139.28017 55.00000

-130.56294 55.00000

-121.84570 55.00000

-113.12847 55.00000

-104.41123 55.00000

-95.69400 55.00000

-86.97677 55.00000

-78.25953 55.00000

-69.54230 55.00000

-60.82506 55.00000

-52.10783 55.00000

-43.39060 55.00000

-25.95613 50.00000

-18.17751 50.00000

-10.39889 50.00000

-2.62027 50.00000

5.15835 50.00000

12.93697 50.00000

20.71559 50.00000

28.49421 50.00000

36.27283 50.00000

44.05144 50.00000

51.83006 50.00000

59.60868 50.00000

67.38730 50.00000

75.16592 50.00000

82.94454 50.00000

90.72316 50.00000

98.50178 50.00000

106.28040 50.00000

114.05902 50.00000

121.83764 50.00000

129.61626 50.00000

137.39487 50.00000

145.17349 50.00000

152.95211 50.00000

160.73073 50.00000

168.50935 50.00000

176.28797 50.00000

-175.93341 50.00000

-168.15479 50.00000

-160.37617 50.00000

-152.59755 50.00000

-144.81893 50.00000

-137.04032 50.00000

-129.26170 50.00000

-121.48308 50.00000

-113.70446 50.00000

-105.92584 50.00000

-98.14722 50.00000

-90.36860 50.00000

-82.58998 50.00000

-74.81136 50.00000

-67.03274 50.00000

-59.25412 50.00000

-51.47550 50.00000

-43.69689 50.00000

-35.91827 50.00000

-20.36103 45.00000

-13.28996 45.00000

-6.21889 45.00000

.85218 45.00000

7.92324 45.00000

14.99431 45.00000

22.06538 45.00000

29.13645 45.00000

36.20751 45.00000

43.27858 45.00000

50.34965 45.00000

57.42072 45.00000

64.49179 45.00000

71.56285 45.00000

78.63392 45.00000

85.70499 45.00000

92.77606 45.00000

99.84712 45.00000

106.91819 45.00000

113.98926 45.00000

121.06033 45.00000

128.13140 45.00000

135.20246 45.00000

142.27353 45.00000

149.34460 45.00000

156.41567 45.00000

163.48673 45.00000

170.55780 45.00000

177.62887 45.00000

-175.30006 45.00000

-168.22899 45.00000

-161.15793 45.00000

-154.08686 45.00000

-147.01579 45.00000

-139.94472 45.00000

-132.87365 45.00000

-125.80259 45.00000

-118.73152 45.00000

-111.66045 45.00000

-104.58938 45.00000

-97.51832 45.00000

-90.44725 45.00000

-83.37618 45.00000

-76.30511 45.00000

-69.23404 45.00000

-62.16298 45.00000

-55.09191 45.00000

-48.02084 45.00000

-40.94977 45.00000

-33.87871 45.00000

-26.80764 45.00000

-12.66550 40.00000

-6.13847 40.00000

.38857 40.00000

6.91561 40.00000

13.44264 40.00000

19.96968 40.00000

26.49672 40.00000

33.02375 40.00000

39.55079 40.00000

46.07783 40.00000

52.60486 40.00000

59.13190 40.00000

65.65894 40.00000

72.18597 40.00000

78.71301 40.00000

85.24004 40.00000

91.76708 40.00000

98.29412 40.00000

104.82115 40.00000

111.34819 40.00000

117.87523 40.00000

124.40226 40.00000

130.92930 40.00000

137.45634 40.00000

143.98337 40.00000

150.51041 40.00000

157.03745 40.00000

163.56448 40.00000

170.09152 40.00000

176.61855 40.00000

-176.85441 40.00000

-170.32737 40.00000

-163.80034 40.00000

-157.27330 40.00000

-150.74626 40.00000

-144.21923 40.00000

-137.69219 40.00000

-131.16515 40.00000

-124.63812 40.00000

-118.11108 40.00000

-111.58404 40.00000

-105.05701 40.00000

-98.52997 40.00000

-92.00293 40.00000

-85.47590 40.00000

-78.94886 40.00000

-72.42183 40.00000

-65.89479 40.00000

-59.36775 40.00000

-52.84072 40.00000

-46.31368 40.00000

-39.78664 40.00000

-33.25961 40.00000

-26.73257 40.00000

-20.20553 40.00000

-7.15146 35.00000

-1.04759 35.00000

5.05628 35.00000

11.16016 35.00000

17.26403 35.00000

23.36790 35.00000

29.47178 35.00000

35.57565 35.00000

41.67952 35.00000

47.78340 35.00000

53.88727 35.00000

59.99114 35.00000

66.09501 35.00000

72.19889 35.00000

78.30276 35.00000

84.40663 35.00000

90.51051 35.00000

96.61438 35.00000

102.71825 35.00000

108.82212 35.00000

114.92600 35.00000

121.02987 35.00000

127.13374 35.00000

133.23762 35.00000

139.34149 35.00000

145.44536 35.00000

151.54924 35.00000

157.65311 35.00000

163.75698 35.00000

169.86085 35.00000

175.96473 35.00000

-177.93140 35.00000

-171.82753 35.00000

-165.72365 35.00000

-159.61978 35.00000

-153.51591 35.00000

-147.41204 35.00000

-141.30816 35.00000

-135.20429 35.00000

-129.10042 35.00000

-122.99654 35.00000

-116.89267 35.00000

-110.78880 35.00000

-104.68492 35.00000

-98.58105 35.00000

-92.47718 35.00000

-86.37331 35.00000

-80.26943 35.00000

-74.16556 35.00000

-68.06169 35.00000

-61.95781 35.00000

-55.85394 35.00000

-49.75007 35.00000

-43.64620 35.00000

-37.54232 35.00000

-31.43845 35.00000

-25.33458 35.00000

-19.23070 35.00000

-13.12683 35.00000

-.91908 30.00000

4.85442 30.00000

10.62792 30.00000

16.40142 30.00000

22.17493 30.00000

27.94843 30.00000

33.72193 30.00000

39.49543 30.00000

45.26894 30.00000

51.04244 30.00000

56.81594 30.00000

62.58945 30.00000

68.36295 30.00000

74.13645 30.00000

79.90995 30.00000

85.68346 30.00000

91.45696 30.00000

97.23046 30.00000

103.00396 30.00000

108.77747 30.00000

114.55097 30.00000

120.32447 30.00000

126.09797 30.00000

131.87148 30.00000

137.64498 30.00000

143.41848 30.00000

149.19199 30.00000

154.96549 30.00000

160.73899 30.00000

166.51249 30.00000

172.28600 30.00000

178.05950 30.00000

-176.16700 30.00000

-170.39350 30.00000

-164.61999 30.00000

-158.84649 30.00000

-153.07299 30.00000

-147.29948 30.00000

-141.52598 30.00000

-135.75248 30.00000

-129.97898 30.00000

-124.20547 30.00000

-118.43197 30.00000

-112.65847 30.00000

-106.88497 30.00000

-101.11146 30.00000

-95.33796 30.00000

-89.56446 30.00000

-83.79096 30.00000

-78.01745 30.00000

-72.24395 30.00000

-66.47045 30.00000

-60.69694 30.00000

-54.92344 30.00000

-49.14994 30.00000

-43.37644 30.00000

-37.60293 30.00000

-31.82943 30.00000

-26.05593 30.00000

-20.28243 30.00000

-14.50892 30.00000

-8.73542 30.00000

2.81159 25.00000

8.32847 25.00000

13.84536 25.00000

19.36225 25.00000

24.87914 25.00000

30.39603 25.00000

35.91292 25.00000

41.42981 25.00000

46.94670 25.00000

52.46359 25.00000

57.98048 25.00000

63.49737 25.00000

69.01426 25.00000

74.53115 25.00000

80.04804 25.00000

85.56493 25.00000

91.08182 25.00000

96.59871 25.00000

102.11560 25.00000

107.63249 25.00000

113.14938 25.00000

118.66627 25.00000

124.18316 25.00000

129.70005 25.00000

135.21694 25.00000

140.73383 25.00000

146.25071 25.00000

151.76760 25.00000

157.28449 25.00000

162.80138 25.00000

168.31827 25.00000

173.83516 25.00000

179.35205 25.00000

-175.13106 25.00000

-169.61417 25.00000

-164.09728 25.00000

-158.58039 25.00000

-153.06350 25.00000

-147.54661 25.00000

-142.02972 25.00000

-136.51283 25.00000

-130.99594 25.00000

-125.47905 25.00000

-119.96216 25.00000

-114.44527 25.00000

-108.92838 25.00000

-103.41149 25.00000

-97.89460 25.00000

-92.37771 25.00000

-86.86082 25.00000

-81.34394 25.00000

-75.82705 25.00000

-70.31016 25.00000

-64.79327 25.00000

-59.27638 25.00000

-53.75949 25.00000

-48.24260 25.00000

-42.72571 25.00000

-37.20882 25.00000

-31.69193 25.00000

-26.17504 25.00000

-20.65815 25.00000

-15.14126 25.00000

-9.62437 25.00000

-4.10748 25.00000

6.92630 20.00000

12.24719 20.00000

17.56808 20.00000

22.88897 20.00000

28.20985 20.00000

33.53074 20.00000

38.85163 20.00000

44.17252 20.00000

49.49341 20.00000

54.81430 20.00000

60.13519 20.00000

65.45608 20.00000

70.77696 20.00000

76.09785 20.00000

81.41874 20.00000

86.73963 20.00000

92.06052 20.00000

97.38141 20.00000

102.70230 20.00000

108.02319 20.00000

113.34408 20.00000

118.66496 20.00000

123.98585 20.00000

129.30674 20.00000

134.62763 20.00000

139.94852 20.00000

145.26941 20.00000

150.59030 20.00000

155.91119 20.00000

161.23208 20.00000

166.55296 20.00000

171.87385 20.00000

177.19474 20.00000

-177.48437 20.00000

-172.16348 20.00000

-166.84259 20.00000

-161.52170 20.00000

-156.20081 20.00000

-150.87992 20.00000

-145.55904 20.00000

-140.23815 20.00000

-134.91726 20.00000

-129.59637 20.00000

-124.27548 20.00000

-118.95459 20.00000

-113.63370 20.00000

-108.31281 20.00000

-102.99193 20.00000

-97.67104 20.00000

-92.35015 20.00000

-87.02926 20.00000

-81.70837 20.00000

-76.38748 20.00000

-71.06659 20.00000

-65.74570 20.00000

-60.42481 20.00000

-55.10393 20.00000

-49.78304 20.00000

-44.46215 20.00000

-39.14126 20.00000

-33.82037 20.00000

-28.49948 20.00000

-23.17859 20.00000

-17.85770 20.00000

-12.53681 20.00000

-7.21593 20.00000

-1.89504 20.00000

3.42585 20.00000

14.06763 15.00000

19.24401 15.00000

24.42039 15.00000

29.59677 15.00000

34.77315 15.00000

39.94953 15.00000

45.12592 15.00000

50.30230 15.00000

55.47868 15.00000

60.65506 15.00000

65.83144 15.00000

71.00782 15.00000

76.18420 15.00000

81.36058 15.00000

86.53696 15.00000

91.71334 15.00000

96.88972 15.00000

102.06611 15.00000

107.24249 15.00000

112.41887 15.00000

117.59525 15.00000

122.77163 15.00000

127.94801 15.00000

133.12439 15.00000

138.30077 15.00000

143.47715 15.00000

148.65353 15.00000

153.82991 15.00000

159.00630 15.00000

164.18268 15.00000

169.35906 15.00000

174.53544 15.00000

179.71182 15.00000

-175.11180 15.00000

-169.93542 15.00000

-164.75904 15.00000

-159.58266 15.00000

-154.40628 15.00000

-149.22990 15.00000

-144.05351 15.00000

-138.87713 15.00000

-133.70075 15.00000

-128.52437 15.00000

-123.34799 15.00000

-118.17161 15.00000

-112.99523 15.00000

-107.81885 15.00000

-102.64247 15.00000

-97.46609 15.00000

-92.28971 15.00000

-87.11332 15.00000

-81.93694 15.00000

-76.76056 15.00000

-71.58418 15.00000

-66.40780 15.00000

-61.23142 15.00000

-56.05504 15.00000

-50.87866 15.00000

-45.70228 15.00000

-40.52590 15.00000

-35.34952 15.00000

-30.17314 15.00000

-24.99675 15.00000

-19.82037 15.00000

-14.64399 15.00000

-9.46761 15.00000

-4.29123 15.00000

.88515 15.00000

6.06153 15.00000

11.23791 15.00000

21.59067 10.00000

26.66781 10.00000

31.74494 10.00000

36.82207 10.00000

41.89921 10.00000

46.97634 10.00000

52.05347 10.00000

57.13061 10.00000

62.20774 10.00000

67.28487 10.00000

72.36200 10.00000

77.43914 10.00000

82.51627 10.00000

87.59340 10.00000

92.67054 10.00000

97.74767 10.00000

102.82480 10.00000

107.90194 10.00000

112.97907 10.00000

118.05620 10.00000

123.13334 10.00000

128.21047 10.00000

133.28760 10.00000

138.36473 10.00000

143.44187 10.00000

148.51900 10.00000

153.59613 10.00000

158.67327 10.00000

163.75040 10.00000

168.82753 10.00000

173.90467 10.00000

178.98180 10.00000

-175.94107 10.00000

-170.86394 10.00000

-165.78680 10.00000

-160.70967 10.00000

-155.63254 10.00000

-150.55540 10.00000

-145.47827 10.00000

-140.40114 10.00000

-135.32400 10.00000

-130.24687 10.00000

-125.16974 10.00000

-120.09260 10.00000

-115.01547 10.00000

-109.93834 10.00000

-104.86121 10.00000

-99.78407 10.00000

-94.70694 10.00000

-89.62981 10.00000

-84.55267 10.00000

-79.47554 10.00000

-74.39841 10.00000

-69.32127 10.00000

-64.24414 10.00000

-59.16701 10.00000

-54.08987 10.00000

-49.01274 10.00000

-43.93561 10.00000

-38.85848 10.00000

-33.78134 10.00000

-28.70421 10.00000

-23.62708 10.00000

-18.54994 10.00000

-13.47281 10.00000

-8.39568 10.00000

-3.31854 10.00000

1.75859 10.00000

6.83572 10.00000

11.91286 10.00000

16.98999 10.00000

27.14425 5.00000

32.16335 5.00000

37.18245 5.00000

42.20155 5.00000

47.22065 5.00000

52.23975 5.00000

57.25885 5.00000

62.27795 5.00000

67.29705 5.00000

72.31615 5.00000

77.33525 5.00000

82.35435 5.00000

87.37344 5.00000

92.39254 5.00000

97.41164 5.00000

102.43074 5.00000

107.44984 5.00000

112.46894 5.00000

117.48804 5.00000

122.50714 5.00000

127.52624 5.00000

132.54534 5.00000

137.56444 5.00000

142.58354 5.00000

147.60263 5.00000

152.62173 5.00000

157.64083 5.00000

162.65993 5.00000

167.67903 5.00000

172.69813 5.00000

177.71723 5.00000

-177.26367 5.00000

-172.24457 5.00000

-167.22547 5.00000

-162.20637 5.00000

-157.18727 5.00000

-152.16817 5.00000

-147.14908 5.00000

-142.12998 5.00000

-137.11088 5.00000

-132.09178 5.00000

-127.07268 5.00000

-122.05358 5.00000

-117.03448 5.00000

-112.01538 5.00000

-106.99628 5.00000

-101.97718 5.00000

-96.95808 5.00000

-91.93898 5.00000

-86.91989 5.00000

-81.90079 5.00000

-76.88169 5.00000

-71.86259 5.00000

-66.84349 5.00000

-61.82439 5.00000

-56.80529 5.00000

-51.78619 5.00000

-46.76709 5.00000

-41.74799 5.00000

-36.72889 5.00000

-31.70979 5.00000

-26.69070 5.00000

-21.67160 5.00000

-16.65250 5.00000

-11.63340 5.00000

-6.61430 5.00000

-1.59520 5.00000

3.42390 5.00000

8.44300 5.00000

13.46210 5.00000

18.48120 5.00000

23.50030 5.00000

33.53849 0.00000

38.53849 0.00000

43.53849 0.00000

48.53849 0.00000

53.53849 0.00000

58.53849 0.00000

63.53849 0.00000

68.53849 0.00000

73.53849 0.00000

78.53849 0.00000

83.53849 0.00000

88.53849 0.00000

93.53849 0.00000

98.53849 0.00000

103.53849 0.00000

108.53849 0.00000

113.53849 0.00000

118.53849 0.00000

123.53849 0.00000

128.53849 0.00000

133.53849 0.00000

138.53849 0.00000

143.53849 0.00000

148.53849 0.00000

153.53849 0.00000

158.53849 0.00000

163.53849 0.00000

168.53849 0.00000

173.53849 0.00000

178.53849 0.00000

-176.46151 0.00000

-171.46151 0.00000

-166.46151 0.00000

-161.46151 0.00000

-156.46151 0.00000

-151.46151 0.00000

-146.46151 0.00000

-141.46151 0.00000

-136.46151 0.00000

-131.46151 0.00000

-126.46151 0.00000

-121.46151 0.00000

-116.46151 0.00000

-111.46151 0.00000

-106.46151 0.00000

-101.46151 0.00000

-96.46151 0.00000

-91.46151 0.00000

-86.46151 0.00000

-81.46151 0.00000

-76.46151 0.00000

-71.46151 0.00000

-66.46151 0.00000

-61.46151 0.00000

-56.46151 0.00000

-51.46151 0.00000

-46.46151 0.00000

-41.46151 0.00000

-36.46151 0.00000

-31.46151 0.00000

-26.46151 0.00000

-21.46151 0.00000

-16.46151 0.00000

-11.46151 0.00000

-6.46151 0.00000

-1.46151 0.00000

3.53849 0.00000

8.53849 0.00000

13.53849 0.00000

18.53849 0.00000

23.53849 0.00000

28.53849 0.00000

38.53849 -5.00000

43.55759 -5.00000

48.57669 -5.00000

53.59579 -5.00000

58.61489 -5.00000

63.63399 -5.00000

68.65309 -5.00000

73.67219 -5.00000

78.69129 -5.00000

83.71039 -5.00000

88.72949 -5.00000

93.74859 -5.00000

98.76769 -5.00000

103.78678 -5.00000

108.80588 -5.00000

113.82498 -5.00000

118.84408 -5.00000

123.86318 -5.00000

128.88228 -5.00000

133.90138 -5.00000

138.92048 -5.00000

143.93958 -5.00000

148.95868 -5.00000

153.97778 -5.00000

158.99688 -5.00000

164.01597 -5.00000

169.03507 -5.00000

174.05417 -5.00000

179.07327 -5.00000

-175.90763 -5.00000

-170.88853 -5.00000

-165.86943 -5.00000

-160.85033 -5.00000

-155.83123 -5.00000

-150.81213 -5.00000

-145.79303 -5.00000

-140.77393 -5.00000

-135.75484 -5.00000

-130.73574 -5.00000

-125.71664 -5.00000

-120.69754 -5.00000

-115.67844 -5.00000

-110.65934 -5.00000

-105.64024 -5.00000

-100.62114 -5.00000

-95.60204 -5.00000

-90.58294 -5.00000

-85.56384 -5.00000

-80.54474 -5.00000

-75.52564 -5.00000

-70.50655 -5.00000

-65.48745 -5.00000

-60.46835 -5.00000

-55.44925 -5.00000

-50.43015 -5.00000

-45.41105 -5.00000

-40.39195 -5.00000

-35.37285 -5.00000

-30.35375 -5.00000

-25.33465 -5.00000

-20.31555 -5.00000

-15.29645 -5.00000

-10.27736 -5.00000

-5.25826 -5.00000

-.23916 -5.00000

4.77994 -5.00000

9.79904 -5.00000

14.81814 -5.00000

19.83724 -5.00000

24.85634 -5.00000

29.87544 -5.00000

34.89454 -5.00000

44.93274 -10.00000

50.00987 -10.00000

55.08700 -10.00000

60.16413 -10.00000

65.24127 -10.00000

70.31840 -10.00000

75.39553 -10.00000

80.47267 -10.00000

85.54980 -10.00000

90.62693 -10.00000

95.70407 -10.00000

100.78120 -10.00000

105.85833 -10.00000

110.93547 -10.00000

116.01260 -10.00000

121.08973 -10.00000

126.16686 -10.00000

131.24400 -10.00000

136.32113 -10.00000

141.39826 -10.00000

146.47540 -10.00000

151.55253 -10.00000

156.62966 -10.00000

161.70680 -10.00000

166.78393 -10.00000

171.86106 -10.00000

176.93820 -10.00000

-177.98467 -10.00000

-172.90754 -10.00000

-167.83041 -10.00000

-162.75327 -10.00000

-157.67614 -10.00000

-152.59901 -10.00000

-147.52187 -10.00000

-142.44474 -10.00000

-137.36761 -10.00000

-132.29047 -10.00000

-127.21334 -10.00000

-122.13621 -10.00000

-117.05908 -10.00000

-111.98194 -10.00000

-106.90481 -10.00000

-101.82768 -10.00000

-96.75054 -10.00000

-91.67341 -10.00000

-86.59628 -10.00000

-81.51914 -10.00000

-76.44201 -10.00000

-71.36488 -10.00000

-66.28774 -10.00000

-61.21061 -10.00000

-56.13348 -10.00000

-51.05635 -10.00000

-45.97921 -10.00000

-40.90208 -10.00000

-35.82495 -10.00000

-30.74781 -10.00000

-25.67068 -10.00000

-20.59355 -10.00000

-15.51641 -10.00000

-10.43928 -10.00000

-5.36215 -10.00000

-.28501 -10.00000

4.79212 -10.00000

9.86925 -10.00000

14.94638 -10.00000

20.02352 -10.00000

25.10065 -10.00000

30.17778 -10.00000

35.25492 -10.00000

40.33205 -10.00000

50.48632 -15.00000

55.66270 -15.00000

60.83908 -15.00000

66.01546 -15.00000

71.19184 -15.00000

76.36822 -15.00000

81.54460 -15.00000

86.72098 -15.00000

91.89736 -15.00000

97.07374 -15.00000

102.25012 -15.00000

107.42651 -15.00000

112.60289 -15.00000

117.77927 -15.00000

122.95565 -15.00000

128.13203 -15.00000

133.30841 -15.00000

138.48479 -15.00000

143.66117 -15.00000

148.83755 -15.00000

154.01393 -15.00000

159.19031 -15.00000

164.36670 -15.00000

169.54308 -15.00000

174.71946 -15.00000

179.89584 -15.00000

-174.92778 -15.00000

-169.75140 -15.00000

-164.57502 -15.00000

-159.39864 -15.00000

-154.22226 -15.00000

-149.04588 -15.00000

-143.86950 -15.00000

-138.69311 -15.00000

-133.51673 -15.00000

-128.34035 -15.00000

-123.16397 -15.00000

-117.98759 -15.00000

-112.81121 -15.00000

-107.63483 -15.00000

-102.45845 -15.00000

-97.28207 -15.00000

-92.10569 -15.00000

-86.92931 -15.00000

-81.75292 -15.00000

-76.57654 -15.00000

-71.40016 -15.00000

-66.22378 -15.00000

-61.04740 -15.00000

-55.87102 -15.00000

-50.69464 -15.00000

-45.51826 -15.00000

-40.34188 -15.00000

-35.16550 -15.00000

-29.98912 -15.00000

-24.81273 -15.00000

-19.63635 -15.00000

-14.45997 -15.00000

-9.28359 -15.00000

-4.10721 -15.00000

1.06917 -15.00000

6.24555 -15.00000

11.42193 -15.00000

16.59831 -15.00000

21.77469 -15.00000

26.95107 -15.00000

32.12746 -15.00000

37.30384 -15.00000

42.48022 -15.00000

47.65660 -15.00000

58.00936 -20.00000

63.33025 -20.00000

68.65114 -20.00000

73.97203 -20.00000

79.29292 -20.00000

84.61380 -20.00000

89.93469 -20.00000

95.25558 -20.00000

100.57647 -20.00000

105.89736 -20.00000

111.21825 -20.00000

116.53914 -20.00000

121.86003 -20.00000

127.18092 -20.00000

132.50180 -20.00000

137.82269 -20.00000

143.14358 -20.00000

148.46447 -20.00000

153.78536 -20.00000

159.10625 -20.00000

164.42714 -20.00000

169.74803 -20.00000

175.06891 -20.00000

-179.61020 -20.00000

-174.28931 -20.00000

-168.96842 -20.00000

-163.64753 -20.00000

-158.32664 -20.00000

-153.00575 -20.00000

-147.68486 -20.00000

-142.36397 -20.00000

-137.04309 -20.00000

-131.72220 -20.00000

-126.40131 -20.00000

-121.08042 -20.00000

-115.75953 -20.00000

-110.43864 -20.00000

-105.11775 -20.00000

-99.79686 -20.00000

-94.47597 -20.00000

-89.15509 -20.00000

-83.83420 -20.00000

-78.51331 -20.00000

-73.19242 -20.00000

-67.87153 -20.00000

-62.55064 -20.00000

-57.22975 -20.00000

-51.90886 -20.00000

-46.58797 -20.00000

-41.26709 -20.00000

-35.94620 -20.00000

-30.62531 -20.00000

-25.30442 -20.00000

-19.98353 -20.00000

-14.66264 -20.00000

-9.34175 -20.00000

-4.02086 -20.00000

1.30003 -20.00000

6.62091 -20.00000

11.94180 -20.00000

17.26269 -20.00000

22.58358 -20.00000

27.90447 -20.00000

33.22536 -20.00000

38.54625 -20.00000

43.86714 -20.00000

49.18802 -20.00000

54.50891 -20.00000

65.15069 -25.00000

70.66758 -25.00000

76.18447 -25.00000

81.70136 -25.00000

87.21825 -25.00000

92.73514 -25.00000

98.25203 -25.00000

103.76892 -25.00000

109.28581 -25.00000

114.80270 -25.00000

120.31959 -25.00000

125.83648 -25.00000

131.35337 -25.00000

136.87026 -25.00000

142.38715 -25.00000

147.90404 -25.00000

153.42093 -25.00000

158.93781 -25.00000

164.45470 -25.00000

169.97159 -25.00000

175.48848 -25.00000

-178.99463 -25.00000

-173.47774 -25.00000

-167.96085 -25.00000

-162.44396 -25.00000

-156.92707 -25.00000

-151.41018 -25.00000

-145.89329 -25.00000

-140.37640 -25.00000

-134.85951 -25.00000

-129.34262 -25.00000

-123.82573 -25.00000

-118.30884 -25.00000

-112.79195 -25.00000

-107.27506 -25.00000

-101.75817 -25.00000

-96.24128 -25.00000

-90.72439 -25.00000

-85.20750 -25.00000

-79.69061 -25.00000

-74.17372 -25.00000

-68.65684 -25.00000

-63.13995 -25.00000

-57.62306 -25.00000

-52.10617 -25.00000

-46.58928 -25.00000

-41.07239 -25.00000

-35.55550 -25.00000

-30.03861 -25.00000

-24.52172 -25.00000

-19.00483 -25.00000

-13.48794 -25.00000

-7.97105 -25.00000

-2.45416 -25.00000

3.06273 -25.00000

8.57962 -25.00000

14.09651 -25.00000

19.61340 -25.00000

25.13029 -25.00000

30.64718 -25.00000

36.16407 -25.00000

41.68096 -25.00000

47.19785 -25.00000

52.71474 -25.00000

58.23163 -25.00000

69.26540 -30.00000

75.03891 -30.00000

80.81241 -30.00000

86.58591 -30.00000

92.35942 -30.00000

98.13292 -30.00000

103.90642 -30.00000

109.67992 -30.00000

115.45343 -30.00000

121.22693 -30.00000

127.00043 -30.00000

132.77393 -30.00000

138.54744 -30.00000

144.32094 -30.00000

150.09444 -30.00000

155.86795 -30.00000

161.64145 -30.00000

167.41495 -30.00000

173.18845 -30.00000

178.96196 -30.00000

-175.26454 -30.00000

-169.49104 -30.00000

-163.71754 -30.00000

-157.94403 -30.00000

-152.17053 -30.00000

-146.39703 -30.00000

-140.62353 -30.00000

-134.85002 -30.00000

-129.07652 -30.00000

-123.30302 -30.00000

-117.52951 -30.00000

-111.75601 -30.00000

-105.98251 -30.00000

-100.20901 -30.00000

-94.43550 -30.00000

-88.66200 -30.00000

-82.88850 -30.00000

-77.11500 -30.00000

-71.34149 -30.00000

-65.56799 -30.00000

-59.79449 -30.00000

-54.02098 -30.00000

-48.24748 -30.00000

-42.47398 -30.00000

-36.70048 -30.00000

-30.92697 -30.00000

-25.15347 -30.00000

-19.37997 -30.00000

-13.60647 -30.00000

-7.83296 -30.00000

-2.05946 -30.00000

3.71404 -30.00000

9.48754 -30.00000

15.26105 -30.00000

21.03455 -30.00000

26.80805 -30.00000

32.58156 -30.00000

38.35506 -30.00000

44.12856 -30.00000

49.90206 -30.00000

55.67557 -30.00000

61.44907 -30.00000

72.99607 -35.00000

79.09995 -35.00000

85.20382 -35.00000

91.30769 -35.00000

97.41157 -35.00000

103.51544 -35.00000

109.61931 -35.00000

115.72318 -35.00000

121.82706 -35.00000

127.93093 -35.00000

134.03480 -35.00000

140.13868 -35.00000

146.24255 -35.00000

152.34642 -35.00000

158.45030 -35.00000

164.55417 -35.00000

170.65804 -35.00000

176.76191 -35.00000

-177.13421 -35.00000

-171.03034 -35.00000

-164.92647 -35.00000

-158.82259 -35.00000

-152.71872 -35.00000

-146.61485 -35.00000

-140.51097 -35.00000

-134.40710 -35.00000

-128.30323 -35.00000

-122.19936 -35.00000

-116.09548 -35.00000

-109.99161 -35.00000

-103.88774 -35.00000

-97.78386 -35.00000

-91.67999 -35.00000

-85.57612 -35.00000

-79.47225 -35.00000

-73.36837 -35.00000

-67.26450 -35.00000

-61.16063 -35.00000

-55.05675 -35.00000

-48.95288 -35.00000

-42.84901 -35.00000

-36.74513 -35.00000

-30.64126 -35.00000

-24.53739 -35.00000

-18.43352 -35.00000

-12.32964 -35.00000

-6.22577 -35.00000

-.12190 -35.00000

5.98198 -35.00000

12.08585 -35.00000

18.18972 -35.00000

24.29359 -35.00000

30.39747 -35.00000

36.50134 -35.00000

42.60521 -35.00000

48.70909 -35.00000

54.81296 -35.00000

60.91683 -35.00000

67.02071 -35.00000

79.22845 -40.00000

85.75549 -40.00000

92.28252 -40.00000

98.80956 -40.00000

105.33660 -40.00000

111.86363 -40.00000

118.39067 -40.00000

124.91771 -40.00000

131.44474 -40.00000

137.97178 -40.00000

144.49882 -40.00000

151.02585 -40.00000

157.55289 -40.00000

164.07992 -40.00000

170.60696 -40.00000

177.13400 -40.00000

-176.33897 -40.00000

-169.81193 -40.00000

-163.28489 -40.00000

-156.75786 -40.00000

-150.23082 -40.00000

-143.70378 -40.00000

-137.17675 -40.00000

-130.64971 -40.00000

-124.12267 -40.00000

-117.59564 -40.00000

-111.06860 -40.00000

-104.54156 -40.00000

-98.01453 -40.00000

-91.48749 -40.00000

-84.96046 -40.00000

-78.43342 -40.00000

-71.90638 -40.00000

-65.37935 -40.00000

-58.85231 -40.00000

-52.32527 -40.00000

-45.79824 -40.00000

-39.27120 -40.00000

-32.74416 -40.00000

-26.21713 -40.00000

-19.69009 -40.00000

-13.16305 -40.00000

-6.63602 -40.00000

-.10898 -40.00000

6.41805 -40.00000

12.94509 -40.00000

19.47213 -40.00000

25.99916 -40.00000

32.52620 -40.00000

39.05324 -40.00000

45.58027 -40.00000

52.10731 -40.00000

58.63435 -40.00000

65.16138 -40.00000

71.68842 -40.00000

84.74249 -45.00000

91.81356 -45.00000

98.88463 -45.00000

105.95570 -45.00000

113.02676 -45.00000

120.09783 -45.00000

127.16890 -45.00000

134.23997 -45.00000

141.31103 -45.00000

148.38210 -45.00000

155.45317 -45.00000

162.52424 -45.00000

169.59531 -45.00000

176.66637 -45.00000

-176.26256 -45.00000

-169.19149 -45.00000

-162.12042 -45.00000

-155.04936 -45.00000

-147.97829 -45.00000

-140.90722 -45.00000

-133.83615 -45.00000

-126.76508 -45.00000

-119.69402 -45.00000

-112.62295 -45.00000

-105.55188 -45.00000

-98.48081 -45.00000

-91.40974 -45.00000

-84.33868 -45.00000

-77.26761 -45.00000

-70.19654 -45.00000

-63.12547 -45.00000

-56.05441 -45.00000

-48.98334 -45.00000

-41.91227 -45.00000

-34.84120 -45.00000

-27.77013 -45.00000

-20.69907 -45.00000

-13.62800 -45.00000

-6.55693 -45.00000

.51414 -45.00000

7.58520 -45.00000

14.65627 -45.00000

21.72734 -45.00000

28.79841 -45.00000

35.86948 -45.00000

42.94054 -45.00000

50.01161 -45.00000

57.08268 -45.00000

64.15375 -45.00000

71.22481 -45.00000

78.29588 -45.00000

92.43802 -50.00000

100.21664 -50.00000

107.99526 -50.00000

115.77388 -50.00000

123.55249 -50.00000

131.33111 -50.00000

139.10973 -50.00000

146.88835 -50.00000

154.66697 -50.00000

162.44559 -50.00000

170.22421 -50.00000

178.00283 -50.00000

-174.21855 -50.00000

-166.43993 -50.00000

-158.66131 -50.00000

-150.88269 -50.00000

-143.10408 -50.00000

-135.32546 -50.00000

-127.54684 -50.00000

-119.76822 -50.00000

-111.98960 -50.00000

-104.21098 -50.00000

-96.43236 -50.00000

-88.65374 -50.00000

-80.87512 -50.00000

-73.09650 -50.00000

-65.31788 -50.00000

-57.53927 -50.00000

-49.76065 -50.00000

-41.98203 -50.00000

-34.20341 -50.00000

-26.42479 -50.00000

-18.64617 -50.00000

-10.86755 -50.00000

-3.08893 -50.00000

4.68969 -50.00000

12.46831 -50.00000

20.24693 -50.00000

28.02555 -50.00000

35.80416 -50.00000

43.58278 -50.00000

51.36140 -50.00000

59.14002 -50.00000

66.91864 -50.00000

74.69726 -50.00000

82.47588 -50.00000

98.03312 -55.00000

106.75035 -55.00000

115.46759 -55.00000

124.18482 -55.00000

132.90205 -55.00000

141.61929 -55.00000

150.33652 -55.00000

159.05376 -55.00000

167.77099 -55.00000

176.48822 -55.00000

-174.79454 -55.00000

-166.07731 -55.00000

-157.36007 -55.00000

-148.64284 -55.00000

-139.92561 -55.00000

-131.20837 -55.00000

-122.49114 -55.00000

-113.77390 -55.00000

-105.05667 -55.00000

-96.33944 -55.00000

-87.62220 -55.00000

-78.90497 -55.00000

-70.18773 -55.00000

-61.47050 -55.00000

-52.75327 -55.00000

-44.03603 -55.00000

-35.31880 -55.00000

-26.60157 -55.00000

-17.88433 -55.00000

-9.16710 -55.00000

-.44986 -55.00000

8.26737 -55.00000

16.98460 -55.00000

25.70184 -55.00000

34.41907 -55.00000

43.13631 -55.00000

51.85354 -55.00000

60.57077 -55.00000

69.28801 -55.00000

78.00524 -55.00000

86.72248 -55.00000

104.15694 -60.00000

114.15694 -60.00000

124.15694 -60.00000

134.15694 -60.00000

144.15694 -60.00000

154.15694 -60.00000

164.15694 -60.00000

174.15694 -60.00000

-175.84306 -60.00000

-165.84306 -60.00000

-155.84306 -60.00000

-145.84306 -60.00000

-135.84306 -60.00000

-125.84306 -60.00000

-115.84306 -60.00000

-105.84306 -60.00000

-95.84306 -60.00000

-85.84306 -60.00000

-75.84306 -60.00000

-65.84306 -60.00000

-55.84306 -60.00000

-45.84306 -60.00000

-35.84306 -60.00000

-25.84306 -60.00000

-15.84306 -60.00000

-5.84306 -60.00000

4.15694 -60.00000

14.15694 -60.00000

24.15694 -60.00000

34.15694 -60.00000

44.15694 -60.00000

54.15694 -60.00000

64.15694 -60.00000

74.15694 -60.00000

84.15694 -60.00000

94.15694 -60.00000

114.15694 -65.00000

125.98795 -65.00000

137.81896 -65.00000

149.64997 -65.00000

161.48098 -65.00000

173.31198 -65.00000

-174.85701 -65.00000

-163.02600 -65.00000

-151.19499 -65.00000

-139.36398 -65.00000

-127.53298 -65.00000

-115.70197 -65.00000

-103.87096 -65.00000

-92.03995 -65.00000

-80.20894 -65.00000

-68.37794 -65.00000

-56.54693 -65.00000

-44.71592 -65.00000

-32.88491 -65.00000

-21.05390 -65.00000

-9.22290 -65.00000

2.60811 -65.00000

14.43912 -65.00000

26.27013 -65.00000

38.10113 -65.00000

49.93214 -65.00000

61.76315 -65.00000

73.59416 -65.00000

85.42517 -65.00000

97.25617 -65.00000

120.91819 -70.00000

135.53721 -70.00000

150.15623 -70.00000

164.77526 -70.00000

179.39428 -70.00000

-165.98670 -70.00000

-151.36768 -70.00000

-136.74866 -70.00000

-122.12963 -70.00000

-107.51061 -70.00000

-92.89159 -70.00000

-78.27257 -70.00000

-63.65355 -70.00000

-49.03452 -70.00000

-34.41550 -70.00000

-19.79648 -70.00000

-5.17746 -70.00000

9.44156 -70.00000

24.06059 -70.00000

38.67961 -70.00000

53.29863 -70.00000

67.91765 -70.00000

82.53667 -70.00000

97.15570 -70.00000

111.77472 -70.00000

141.01276 -75.00000

160.33128 -75.00000

179.64980 -75.00000

-161.03169 -75.00000

-141.71317 -75.00000

-122.39466 -75.00000

-103.07614 -75.00000

-83.75762 -75.00000

-64.43911 -75.00000

-45.12059 -75.00000

-25.80207 -75.00000

-6.48356 -75.00000

12.83496 -75.00000

32.15348 -75.00000

51.47199 -75.00000

70.79051 -75.00000

90.10903 -75.00000

109.42754 -75.00000

128.74606 -75.00000

167.38309 -80.00000

-163.82306 -80.00000

-135.02920 -80.00000

-106.23535 -80.00000

-77.44150 -80.00000

-48.64765 -80.00000

-19.85379 -80.00000

8.94006 -80.00000

37.73391 -80.00000

66.52776 -80.00000

95.32162 -80.00000

124.11547 -80.00000

152.90932 -80.00000

-149.50297 -85.00000

-92.13441 -85.00000

-34.76584 -85.00000

22.60273 -85.00000

79.97129 -85.00000

137.33986 -85.00000

0.00000 -90.00000

