0.00000 90.00000

0.00000 85.00000

57.36857 85.00000

114.73713 85.00000

172.10570 85.00000

-130.52574 85.00000

-73.15717 85.00000

41.57996 80.00000

70.37382 80.00000

99.16767 80.00000

127.96152 80.00000

156.75537 80.00000

-174.45077 80.00000

-145.65692 80.00000

-116.86307 80.00000

-88.06922 80.00000

-59.27536 80.00000

-30.48151 80.00000

-1.68766 80.00000

27.10619 80.00000

84.69390 75.00000

104.01241 75.00000

123.33093 75.00000

142.64945 75.00000

161.96796 75.00000

-178.71352 75.00000

-159.39500 75.00000

-140.07649 75.00000

-120.75797 75.00000

-101.43945 75.00000

-82.12094 75.00000

-62.80242 75.00000

-43.48390 75.00000

-24.16539 75.00000

-4.84687 75.00000

14.47165 75.00000

33.79016 75.00000

53.10868 75.00000

72.42719 75.00000

111.06423 70.00000

125.68325 70.00000

140.30227 70.00000

154.92129 70.00000

169.54032 70.00000

-175.84066 70.00000

-161.22164 70.00000

-146.60262 70.00000

-131.98360 70.00000

-117.36457 70.00000

-102.74555 70.00000

-88.12653 70.00000

-73.50751 70.00000

-58.88849 70.00000

-44.26946 70.00000

-29.65044 70.00000

-15.03142 70.00000

-.41240 70.00000

14.20662 70.00000

28.82565 70.00000

43.44467 70.00000

58.06369 70.00000

72.68271 70.00000

87.30173 70.00000

101.92076 70.00000

131.15880 65.00000

142.98981 65.00000

154.82082 65.00000

166.65182 65.00000

178.48283 65.00000

-169.68616 65.00000

-157.85515 65.00000

-146.02414 65.00000

-134.19314 65.00000

-122.36213 65.00000

-110.53112 65.00000

-98.70011 65.00000

-86.86911 65.00000

-75.03810 65.00000

-63.20709 65.00000

-51.37608 65.00000

-39.54507 65.00000

-27.71407 65.00000

-15.88306 65.00000

-4.05205 65.00000

7.77896 65.00000

19.60997 65.00000

31.44097 65.00000

43.27198 65.00000

55.10299 65.00000

66.93400 65.00000

78.76501 65.00000

90.59601 65.00000

102.42702 65.00000

114.25803 65.00000

137.92005 60.00000

147.92005 60.00000

157.92005 60.00000

167.92005 60.00000

177.92005 60.00000

-172.07995 60.00000

-162.07995 60.00000

-152.07995 60.00000

-142.07995 60.00000

-132.07995 60.00000

-122.07995 60.00000

-112.07995 60.00000

-102.07995 60.00000

-92.07995 60.00000

-82.07995 60.00000

-72.07995 60.00000

-62.07995 60.00000

-52.07995 60.00000

-42.07995 60.00000

-32.07995 60.00000

-22.07995 60.00000

-12.07995 60.00000

-2.07995 60.00000

7.92005 60.00000

17.92005 60.00000

27.92005 60.00000

37.92005 60.00000

47.92005 60.00000

57.92005 60.00000

67.92005 60.00000

77.92005 60.00000

87.92005 60.00000

97.92005 60.00000

107.92005 60.00000

117.92005 60.00000

127.92005 60.00000

147.92005 55.00000

156.63728 55.00000

165.35451 55.00000

174.07175 55.00000

-177.21102 55.00000

-168.49378 55.00000

-159.77655 55.00000

-151.05932 55.00000

-142.34208 55.00000

-133.62485 55.00000

-124.90761 55.00000

-116.19038 55.00000

-107.47315 55.00000

-98.75591 55.00000

-90.03868 55.00000

-81.32144 55.00000

-72.60421 55.00000

-63.88698 55.00000

-55.16974 55.00000

-46.45251 55.00000

-37.73528 55.00000

-29.01804 55.00000

-20.30081 55.00000

-11.58357 55.00000

-2.86634 55.00000

5.85089 55.00000

14.56813 55.00000

23.28536 55.00000

32.00260 55.00000

40.71983 55.00000

49.43706 55.00000

58.15430 55.00000

66.87153 55.00000

75.58877 55.00000

84.30600 55.00000

93.02323 55.00000

101.74047 55.00000

110.45770 55.00000

119.17494 55.00000

127.89217 55.00000

136.60940 55.00000

154.04387 50.00000

161.82249 50.00000

169.60111 50.00000

177.37973 50.00000

-174.84165 50.00000

-167.06303 50.00000

-159.28441 50.00000

-151.50579 50.00000

-143.72717 50.00000

-135.94856 50.00000

-128.16994 50.00000

-120.39132 50.00000

-112.61270 50.00000

-104.83408 50.00000

-97.05546 50.00000

-89.27684 50.00000

-81.49822 50.00000

-73.71960 50.00000

-65.94098 50.00000

-58.16236 50.00000

-50.38374 50.00000

-42.60513 50.00000

-34.82651 50.00000

-27.04789 50.00000

-19.26927 50.00000

-11.49065 50.00000

-3.71203 50.00000

4.06659 50.00000

11.84521 50.00000

19.62383 50.00000

27.40245 50.00000

35.18107 50.00000

42.95968 50.00000

50.73830 50.00000

58.51692 50.00000

66.29554 50.00000

74.07416 50.00000

81.85278 50.00000

89.63140 50.00000

97.41002 50.00000

105.18864 50.00000

112.96726 50.00000

120.74588 50.00000

128.52450 50.00000

136.30311 50.00000

144.08173 50.00000

159.63897 45.00000

166.71004 45.00000

173.78111 45.00000

-179.14782 45.00000

-172.07676 45.00000

-165.00569 45.00000

-157.93462 45.00000

-150.86355 45.00000

-143.79249 45.00000

-136.72142 45.00000

-129.65035 45.00000

-122.57928 45.00000

-115.50821 45.00000

-108.43715 45.00000

-101.36608 45.00000

-94.29501 45.00000

-87.22394 45.00000

-80.15288 45.00000

-73.08181 45.00000

-66.01074 45.00000

-58.93967 45.00000

-51.86860 45.00000

-44.79754 45.00000

-37.72647 45.00000

-30.65540 45.00000

-23.58433 45.00000

-16.51327 45.00000

-9.44220 45.00000

-2.37113 45.00000

4.69994 45.00000

11.77101 45.00000

18.84207 45.00000

25.91314 45.00000

32.98421 45.00000

40.05528 45.00000

47.12635 45.00000

54.19741 45.00000

61.26848 45.00000

68.33955 45.00000

75.41062 45.00000

82.48168 45.00000

89.55275 45.00000

96.62382 45.00000

103.69489 45.00000

110.76596 45.00000

117.83702 45.00000

124.90809 45.00000

131.97916 45.00000

139.05023 45.00000

146.12129 45.00000

153.19236 45.00000

167.33450 40.00000

173.86153 40.00000

-179.61143 40.00000

-173.08439 40.00000

-166.55736 40.00000

-160.03032 40.00000

-153.50328 40.00000

-146.97625 40.00000

-140.44921 40.00000

-133.92217 40.00000

-127.39514 40.00000

-120.86810 40.00000

-114.34106 40.00000

-107.81403 40.00000

-101.28699 40.00000

-94.75996 40.00000

-88.23292 40.00000

-81.70588 40.00000

-75.17885 40.00000

-68.65181 40.00000

-62.12477 40.00000

-55.59774 40.00000

-49.07070 40.00000

-42.54366 40.00000

-36.01663 40.00000

-29.48959 40.00000

-22.96255 40.00000

-16.43552 40.00000

-9.90848 40.00000

-3.38145 40.00000

3.14559 40.00000

9.67263 40.00000

16.19966 40.00000

22.72670 40.00000

29.25374 40.00000

35.78077 40.00000

42.30781 40.00000

48.83485 40.00000

55.36188 40.00000

61.88892 40.00000

68.41596 40.00000

74.94299 40.00000

81.47003 40.00000

87.99707 40.00000

94.52410 40.00000

101.05114 40.00000

107.57817 40.00000

114.10521 40.00000

120.63225 40.00000

127.15928 40.00000

133.68632 40.00000

140.21336 40.00000

146.74039 40.00000

153.26743 40.00000

159.79447 40.00000

172.84854 35.00000

178.95241 35.00000

-174.94372 35.00000

-168.83984 35.00000

-162.73597 35.00000

-156.63210 35.00000

-150.52822 35.00000

-144.42435 35.00000

-138.32048 35.00000

-132.21660 35.00000

-126.11273 35.00000

-120.00886 35.00000

-113.90499 35.00000

-107.80111 35.00000

-101.69724 35.00000

-95.59337 35.00000

-89.48949 35.00000

-83.38562 35.00000

-77.28175 35.00000

-71.17788 35.00000

-65.07400 35.00000

-58.97013 35.00000

-52.86626 35.00000

-46.76238 35.00000

-40.65851 35.00000

-34.55464 35.00000

-28.45076 35.00000

-22.34689 35.00000

-16.24302 35.00000

-10.13915 35.00000

-4.03527 35.00000

2.06860 35.00000

8.17247 35.00000

14.27635 35.00000

20.38022 35.00000

26.48409 35.00000

32.58796 35.00000

38.69184 35.00000

44.79571 35.00000

50.89958 35.00000

57.00346 35.00000

63.10733 35.00000

69.21120 35.00000

75.31508 35.00000

81.41895 35.00000

87.52282 35.00000

93.62669 35.00000

99.73057 35.00000

105.83444 35.00000

111.93831 35.00000

118.04219 35.00000

124.14606 35.00000

130.24993 35.00000

136.35380 35.00000

142.45768 35.00000

148.56155 35.00000

154.66542 35.00000

160.76930 35.00000

166.87317 35.00000

179.08092 30.00000

-175.14558 30.00000

-169.37208 30.00000

-163.59858 30.00000

-157.82507 30.00000

-152.05157 30.00000

-146.27807 30.00000

-140.50457 30.00000

-134.73106 30.00000

-128.95756 30.00000

-123.18406 30.00000

-117.41055 30.00000

-111.63705 30.00000

-105.86355 30.00000

-100.09005 30.00000

-94.31654 30.00000

-88.54304 30.00000

-82.76954 30.00000

-76.99604 30.00000

-71.22253 30.00000

-65.44903 30.00000

-59.67553 30.00000

-53.90203 30.00000

-48.12852 30.00000

-42.35502 30.00000

-36.58152 30.00000

-30.80801 30.00000

-25.03451 30.00000

-19.26101 30.00000

-13.48751 30.00000

-7.71400 30.00000

-1.94050 30.00000

3.83300 30.00000

9.60650 30.00000

15.38001 30.00000

21.15351 30.00000

26.92701 30.00000

32.70052 30.00000

38.47402 30.00000

44.24752 30.00000

50.02102 30.00000

55.79453 30.00000

61.56803 30.00000

67.34153 30.00000

73.11503 30.00000

78.88854 30.00000

84.66204 30.00000

90.43554 30.00000

96.20904 30.00000

101.98255 30.00000

107.75605 30.00000

113.52955 30.00000

119.30306 30.00000

125.07656 30.00000

130.85006 30.00000

136.62356 30.00000

142.39707 30.00000

148.17057 30.00000

153.94407 30.00000

159.71757 30.00000

165.49108 30.00000

171.26458 30.00000

-177.18841 25.00000

-171.67153 25.00000

-166.15464 25.00000

-160.63775 25.00000

-155.12086 25.00000

-149.60397 25.00000

-144.08708 25.00000

-138.57019 25.00000

-133.05330 25.00000

-127.53641 25.00000

-122.01952 25.00000

-116.50263 25.00000

-110.98574 25.00000

-105.46885 25.00000

-99.95196 25.00000

-94.43507 25.00000

-88.91818 25.00000

-83.40129 25.00000

-77.88440 25.00000

-72.36751 25.00000

-66.85062 25.00000

-61.33373 25.00000

-55.81684 25.00000

-50.29995 25.00000

-44.78306 25.00000

-39.26617 25.00000

-33.74929 25.00000

-28.23240 25.00000

-22.71551 25.00000

-17.19862 25.00000

-11.68173 25.00000

-6.16484 25.00000

-.64795 25.00000

4.86894 25.00000

10.38583 25.00000

15.90272 25.00000

21.41961 25.00000

26.93650 25.00000

32.45339 25.00000

37.97028 25.00000

43.48717 25.00000

49.00406 25.00000

54.52095 25.00000

60.03784 25.00000

65.55473 25.00000

71.07162 25.00000

76.58851 25.00000

82.10540 25.00000

87.62229 25.00000

93.13918 25.00000

98.65606 25.00000

104.17295 25.00000

109.68984 25.00000

115.20673 25.00000

120.72362 25.00000

126.24051 25.00000

131.75740 25.00000

137.27429 25.00000

142.79118 25.00000

148.30807 25.00000

153.82496 25.00000

159.34185 25.00000

164.85874 25.00000

170.37563 25.00000

175.89252 25.00000

-173.07370 20.00000

-167.75281 20.00000

-162.43192 20.00000

-157.11103 20.00000

-151.79015 20.00000

-146.46926 20.00000

-141.14837 20.00000

-135.82748 20.00000

-130.50659 20.00000

-125.18570 20.00000

-119.86481 20.00000

-114.54392 20.00000

-109.22304 20.00000

-103.90215 20.00000

-98.58126 20.00000

-93.26037 20.00000

-87.93948 20.00000

-82.61859 20.00000

-77.29770 20.00000

-71.97681 20.00000

-66.65592 20.00000

-61.33504 20.00000

-56.01415 20.00000

-50.69326 20.00000

-45.37237 20.00000

-40.05148 20.00000

-34.73059 20.00000

-29.40970 20.00000

-24.08881 20.00000

-18.76792 20.00000

-13.44704 20.00000

-8.12615 20.00000

-2.80526 20.00000

2.51563 20.00000

7.83652 20.00000

13.15741 20.00000

18.47830 20.00000

23.79919 20.00000

29.12008 20.00000

34.44096 20.00000

39.76185 20.00000

45.08274 20.00000

50.40363 20.00000

55.72452 20.00000

61.04541 20.00000

66.36630 20.00000

71.68719 20.00000

77.00807 20.00000

82.32896 20.00000

87.64985 20.00000

92.97074 20.00000

98.29163 20.00000

103.61252 20.00000

108.93341 20.00000

114.25430 20.00000

119.57519 20.00000

124.89607 20.00000

130.21696 20.00000

135.53785 20.00000

140.85874 20.00000

146.17963 20.00000

151.50052 20.00000

156.82141 20.00000

162.14230 20.00000

167.46319 20.00000

172.78407 20.00000

178.10496 20.00000

-176.57415 20.00000

-165.93237 15.00000

-160.75599 15.00000

-155.57961 15.00000

-150.40323 15.00000

-145.22685 15.00000

-140.05047 15.00000

-134.87408 15.00000

-129.69770 15.00000

-124.52132 15.00000

-119.34494 15.00000

-114.16856 15.00000

-108.99218 15.00000

-103.81580 15.00000

-98.63942 15.00000

-93.46304 15.00000

-88.28666 15.00000

-83.11028 15.00000

-77.93389 15.00000

-72.75751 15.00000

-67.58113 15.00000

-62.40475 15.00000

-57.22837 15.00000

-52.05199 15.00000

-46.87561 15.00000

-41.69923 15.00000

-36.52285 15.00000

-31.34647 15.00000

-26.17009 15.00000

-20.99370 15.00000

-15.81732 15.00000

-10.64094 15.00000

-5.46456 15.00000

-.28818 15.00000

4.88820 15.00000

10.06458 15.00000

15.24096 15.00000

20.41734 15.00000

25.59372 15.00000

30.77010 15.00000

35.94649 15.00000

41.12287 15.00000

46.29925 15.00000

51.47563 15.00000

56.65201 15.00000

61.82839 15.00000

67.00477 15.00000

72.18115 15.00000

77.35753 15.00000

82.53391 15.00000

87.71029 15.00000

92.88668 15.00000

98.06306 15.00000

103.23944 15.00000

108.41582 15.00000

113.59220 15.00000

118.76858 15.00000

123.94496 15.00000

129.12134 15.00000

134.29772 15.00000

139.47410 15.00000

144.65048 15.00000

149.82686 15.00000

155.00325 15.00000

160.17963 15.00000

165.35601 15.00000

170.53239 15.00000

175.70877 15.00000

-179.11485 15.00000

-173.93847 15.00000

-168.76209 15.00000

-158.40933 10.00000

-153.33219 10.00000

-148.25506 10.00000

-143.17793 10.00000

-138.10079 10.00000

-133.02366 10.00000

-127.94653 10.00000

-122.86939 10.00000

-117.79226 10.00000

-112.71513 10.00000

-107.63800 10.00000

-102.56086 10.00000

-97.48373 10.00000

-92.40660 10.00000

-87.32946 10.00000

-82.25233 10.00000

-77.17520 10.00000

-72.09806 10.00000

-67.02093 10.00000

-61.94380 10.00000

-56.86666 10.00000

-51.78953 10.00000

-46.71240 10.00000

-41.63527 10.00000

-36.55813 10.00000

-31.48100 10.00000

-26.40387 10.00000

-21.32673 10.00000

-16.24960 10.00000

-11.17247 10.00000

-6.09533 10.00000

-1.01820 10.00000

4.05893 10.00000

9.13606 10.00000

14.21320 10.00000

19.29033 10.00000

24.36746 10.00000

29.44460 10.00000

34.52173 10.00000

39.59886 10.00000

44.67600 10.00000

49.75313 10.00000

54.83026 10.00000

59.90740 10.00000

64.98453 10.00000

70.06166 10.00000

75.13879 10.00000

80.21593 10.00000

85.29306 10.00000

90.37019 10.00000

95.44733 10.00000

100.52446 10.00000

105.60159 10.00000

110.67873 10.00000

115.75586 10.00000

120.83299 10.00000

125.91013 10.00000

130.98726 10.00000

136.06439 10.00000

141.14152 10.00000

146.21866 10.00000

151.29579 10.00000

156.37292 10.00000

161.45006 10.00000

166.52719 10.00000

171.60432 10.00000

176.68146 10.00000

-178.24141 10.00000

-173.16428 10.00000

-168.08714 10.00000

-163.01001 10.00000

-152.85575 5.00000

-147.83665 5.00000

-142.81755 5.00000

-137.79845 5.00000

-132.77935 5.00000

-127.76025 5.00000

-122.74115 5.00000

-117.72205 5.00000

-112.70295 5.00000

-107.68385 5.00000

-102.66475 5.00000

-97.64565 5.00000

-92.62656 5.00000

-87.60746 5.00000

-82.58836 5.00000

-77.56926 5.00000

-72.55016 5.00000

-67.53106 5.00000

-62.51196 5.00000

-57.49286 5.00000

-52.47376 5.00000

-47.45466 5.00000

-42.43556 5.00000

-37.41646 5.00000

-32.39737 5.00000

-27.37827 5.00000

-22.35917 5.00000

-17.34007 5.00000

-12.32097 5.00000

-7.30187 5.00000

-2.28277 5.00000

2.73633 5.00000

7.75543 5.00000

12.77453 5.00000

17.79363 5.00000

22.81273 5.00000

27.83183 5.00000

32.85092 5.00000

37.87002 5.00000

42.88912 5.00000

47.90822 5.00000

52.92732 5.00000

57.94642 5.00000

62.96552 5.00000

67.98462 5.00000

73.00372 5.00000

78.02282 5.00000

83.04192 5.00000

88.06102 5.00000

93.08011 5.00000

98.09921 5.00000

103.11831 5.00000

108.13741 5.00000

113.15651 5.00000

118.17561 5.00000

123.19471 5.00000

128.21381 5.00000

133.23291 5.00000

138.25201 5.00000

143.27111 5.00000

148.29021 5.00000

153.30930 5.00000

158.32840 5.00000

163.34750 5.00000

168.36660 5.00000

173.38570 5.00000

178.40480 5.00000

-176.57610 5.00000

-171.55700 5.00000

-166.53790 5.00000

-161.51880 5.00000

-156.49970 5.00000

-146.46151 0.00000

-141.46151 0.00000

-136.46151 0.00000

-131.46151 0.00000

-126.46151 0.00000

-121.46151 0.00000

-116.46151 0.00000

-111.46151 0.00000

-106.46151 0.00000

-101.46151 0.00000

-96.46151 0.00000

-91.46151 0.00000

-86.46151 0.00000

-81.46151 0.00000

-76.46151 0.00000

-71.46151 0.00000

-66.46151 0.00000

-61.46151 0.00000

-56.46151 0.00000

-51.46151 0.00000

-46.46151 0.00000

-41.46151 0.00000

-36.46151 0.00000

-31.46151 0.00000

-26.46151 0.00000

-21.46151 0.00000

-16.46151 0.00000

-11.46151 0.00000

-6.46151 0.00000

-1.46151 0.00000

3.53849 0.00000

8.53849 0.00000

13.53849 0.00000

18.53849 0.00000

23.53849 0.00000

28.53849 0.00000

33.53849 0.00000

38.53849 0.00000

43.53849 0.00000

48.53849 0.00000

53.53849 0.00000

58.53849 0.00000

63.53849 0.00000

68.53849 0.00000

73.53849 0.00000

78.53849 0.00000

83.53849 0.00000

88.53849 0.00000

93.53849 0.00000

98.53849 0.00000

103.53849 0.00000

108.53849 0.00000

113.53849 0.00000

118.53849 0.00000

123.53849 0.00000

128.53849 0.00000

133.53849 0.00000

138.53849 0.00000

143.53849 0.00000

148.53849 0.00000

153.53849 0.00000

158.53849 0.00000

163.53849 0.00000

168.53849 0.00000

173.53849 0.00000

178.53849 0.00000

-176.46151 0.00000

-171.46151 0.00000

-166.46151 0.00000

-161.46151 0.00000

-156.46151 0.00000

-151.46151 0.00000

-141.46151 -5.00000

-136.44241 -5.00000

-131.42331 -5.00000

-126.40421 -5.00000

-121.38511 -5.00000

-116.36601 -5.00000

-111.34691 -5.00000

-106.32781 -5.00000

-101.30871 -5.00000

-96.28961 -5.00000

-91.27051 -5.00000

-86.25141 -5.00000

-81.23231 -5.00000

-76.21322 -5.00000

-71.19412 -5.00000

-66.17502 -5.00000

-61.15592 -5.00000

-56.13682 -5.00000

-51.11772 -5.00000

-46.09862 -5.00000

-41.07952 -5.00000

-36.06042 -5.00000

-31.04132 -5.00000

-26.02222 -5.00000

-21.00312 -5.00000

-15.98403 -5.00000

-10.96493 -5.00000

-5.94583 -5.00000

-.92673 -5.00000

4.09237 -5.00000

9.11147 -5.00000

14.13057 -5.00000

19.14967 -5.00000

24.16877 -5.00000

29.18787 -5.00000

34.20697 -5.00000

39.22607 -5.00000

44.24516 -5.00000

49.26426 -5.00000

54.28336 -5.00000

59.30246 -5.00000

64.32156 -5.00000

69.34066 -5.00000

74.35976 -5.00000

79.37886 -5.00000

84.39796 -5.00000

89.41706 -5.00000

94.43616 -5.00000

99.45526 -5.00000

104.47436 -5.00000

109.49345 -5.00000

114.51255 -5.00000

119.53165 -5.00000

124.55075 -5.00000

129.56985 -5.00000

134.58895 -5.00000

139.60805 -5.00000

144.62715 -5.00000

149.64625 -5.00000

154.66535 -5.00000

159.68445 -5.00000

164.70355 -5.00000

169.72264 -5.00000

174.74174 -5.00000

179.76084 -5.00000

-175.22006 -5.00000

-170.20096 -5.00000

-165.18186 -5.00000

-160.16276 -5.00000

-155.14366 -5.00000

-150.12456 -5.00000

-145.10546 -5.00000

-135.06726 -10.00000

-129.99013 -10.00000

-124.91300 -10.00000

-119.83587 -10.00000

-114.75873 -10.00000

-109.68160 -10.00000

-104.60447 -10.00000

-99.52733 -10.00000

-94.45020 -10.00000

-89.37307 -10.00000

-84.29593 -10.00000

-79.21880 -10.00000

-74.14167 -10.00000

-69.06453 -10.00000

-63.98740 -10.00000

-58.91027 -10.00000

-53.83314 -10.00000

-48.75600 -10.00000

-43.67887 -10.00000

-38.60174 -10.00000

-33.52460 -10.00000

-28.44747 -10.00000

-23.37034 -10.00000

-18.29320 -10.00000

-13.21607 -10.00000

-8.13894 -10.00000

-3.06180 -10.00000

2.01533 -10.00000

7.09246 -10.00000

12.16959 -10.00000

17.24673 -10.00000

22.32386 -10.00000

27.40099 -10.00000

32.47813 -10.00000

37.55526 -10.00000

42.63239 -10.00000

47.70953 -10.00000

52.78666 -10.00000

57.86379 -10.00000

62.94092 -10.00000

68.01806 -10.00000

73.09519 -10.00000

78.17232 -10.00000

83.24946 -10.00000

88.32659 -10.00000

93.40372 -10.00000

98.48086 -10.00000

103.55799 -10.00000

108.63512 -10.00000

113.71226 -10.00000

118.78939 -10.00000

123.86652 -10.00000

128.94365 -10.00000

134.02079 -10.00000

139.09792 -10.00000

144.17505 -10.00000

149.25219 -10.00000

154.32932 -10.00000

159.40645 -10.00000

164.48359 -10.00000

169.56072 -10.00000

174.63785 -10.00000

179.71499 -10.00000

-175.20788 -10.00000

-170.13075 -10.00000

-165.05362 -10.00000

-159.97648 -10.00000

-154.89935 -10.00000

-149.82222 -10.00000

-144.74508 -10.00000

-139.66795 -10.00000

-129.51368 -15.00000

-124.33730 -15.00000

-119.16092 -15.00000

-113.98454 -15.00000

-108.80816 -15.00000

-103.63178 -15.00000

-98.45540 -15.00000

-93.27902 -15.00000

-88.10264 -15.00000

-82.92626 -15.00000

-77.74988 -15.00000

-72.57349 -15.00000

-67.39711 -15.00000

-62.22073 -15.00000

-57.04435 -15.00000

-51.86797 -15.00000

-46.69159 -15.00000

-41.51521 -15.00000

-36.33883 -15.00000

-31.16245 -15.00000

-25.98607 -15.00000

-20.80969 -15.00000

-15.63330 -15.00000

-10.45692 -15.00000

-5.28054 -15.00000

-.10416 -15.00000

5.07222 -15.00000

10.24860 -15.00000

15.42498 -15.00000

20.60136 -15.00000

25.77774 -15.00000

30.95412 -15.00000

36.13050 -15.00000

41.30689 -15.00000

46.48327 -15.00000

51.65965 -15.00000

56.83603 -15.00000

62.01241 -15.00000

67.18879 -15.00000

72.36517 -15.00000

77.54155 -15.00000

82.71793 -15.00000

87.89431 -15.00000

93.07069 -15.00000

98.24708 -15.00000

103.42346 -15.00000

108.59984 -15.00000

113.77622 -15.00000

118.95260 -15.00000

124.12898 -15.00000

129.30536 -15.00000

134.48174 -15.00000

139.65812 -15.00000

144.83450 -15.00000

150.01088 -15.00000

155.18727 -15.00000

160.36365 -15.00000

165.54003 -15.00000

170.71641 -15.00000

175.89279 -15.00000

-178.93083 -15.00000

-173.75445 -15.00000

-168.57807 -15.00000

-163.40169 -15.00000

-158.22531 -15.00000

-153.04893 -15.00000

-147.87254 -15.00000

-142.69616 -15.00000

-137.51978 -15.00000

-132.34340 -15.00000

-121.99064 -20.00000

-116.66975 -20.00000

-111.34886 -20.00000

-106.02797 -20.00000

-100.70708 -20.00000

-95.38620 -20.00000

-90.06531 -20.00000

-84.74442 -20.00000

-79.42353 -20.00000

-74.10264 -20.00000

-68.78175 -20.00000

-63.46086 -20.00000

-58.13997 -20.00000

-52.81908 -20.00000

-47.49820 -20.00000

-42.17731 -20.00000

-36.85642 -20.00000

-31.53553 -20.00000

-26.21464 -20.00000

-20.89375 -20.00000

-15.57286 -20.00000

-10.25197 -20.00000

-4.93109 -20.00000

.38980 -20.00000

5.71069 -20.00000

11.03158 -20.00000

16.35247 -20.00000

21.67336 -20.00000

26.99425 -20.00000

32.31514 -20.00000

37.63603 -20.00000

42.95691 -20.00000

48.27780 -20.00000

53.59869 -20.00000

58.91958 -20.00000

64.24047 -20.00000

69.56136 -20.00000

74.88225 -20.00000

80.20314 -20.00000

85.52403 -20.00000

90.84491 -20.00000

96.16580 -20.00000

101.48669 -20.00000

106.80758 -20.00000

112.12847 -20.00000

117.44936 -20.00000

122.77025 -20.00000

128.09114 -20.00000

133.41203 -20.00000

138.73291 -20.00000

144.05380 -20.00000

149.37469 -20.00000

154.69558 -20.00000

160.01647 -20.00000

165.33736 -20.00000

170.65825 -20.00000

175.97914 -20.00000

-178.69997 -20.00000

-173.37909 -20.00000

-168.05820 -20.00000

-162.73731 -20.00000

-157.41642 -20.00000

-152.09553 -20.00000

-146.77464 -20.00000

-141.45375 -20.00000

-136.13286 -20.00000

-130.81198 -20.00000

-125.49109 -20.00000

-114.84931 -25.00000

-109.33242 -25.00000

-103.81553 -25.00000

-98.29864 -25.00000

-92.78175 -25.00000

-87.26486 -25.00000

-81.74797 -25.00000

-76.23108 -25.00000

-70.71419 -25.00000

-65.19730 -25.00000

-59.68041 -25.00000

-54.16352 -25.00000

-48.64663 -25.00000

-43.12974 -25.00000

-37.61285 -25.00000

-32.09596 -25.00000

-26.57907 -25.00000

-21.06219 -25.00000

-15.54530 -25.00000

-10.02841 -25.00000

-4.51152 -25.00000

1.00537 -25.00000

6.52226 -25.00000

12.03915 -25.00000

17.55604 -25.00000

23.07293 -25.00000

28.58982 -25.00000

34.10671 -25.00000

39.62360 -25.00000

45.14049 -25.00000

50.65738 -25.00000

56.17427 -25.00000

61.69116 -25.00000

67.20805 -25.00000

72.72494 -25.00000

78.24183 -25.00000

83.75872 -25.00000

89.27561 -25.00000

94.79250 -25.00000

100.30939 -25.00000

105.82628 -25.00000

111.34316 -25.00000

116.86005 -25.00000

122.37694 -25.00000

127.89383 -25.00000

133.41072 -25.00000

138.92761 -25.00000

144.44450 -25.00000

149.96139 -25.00000

155.47828 -25.00000

160.99517 -25.00000

166.51206 -25.00000

172.02895 -25.00000

177.54584 -25.00000

-176.93727 -25.00000

-171.42038 -25.00000

-165.90349 -25.00000

-160.38660 -25.00000

-154.86971 -25.00000

-149.35282 -25.00000

-143.83593 -25.00000

-138.31904 -25.00000

-132.80215 -25.00000

-127.28526 -25.00000

-121.76837 -25.00000

-110.73460 -30.00000

-104.96109 -30.00000

-99.18759 -30.00000

-93.41409 -30.00000

-87.64058 -30.00000

-81.86708 -30.00000

-76.09358 -30.00000

-70.32008 -30.00000

-64.54657 -30.00000

-58.77307 -30.00000

-52.99957 -30.00000

-47.22607 -30.00000

-41.45256 -30.00000

-35.67906 -30.00000

-29.90556 -30.00000

-24.13205 -30.00000

-18.35855 -30.00000

-12.58505 -30.00000

-6.81155 -30.00000

-1.03804 -30.00000

4.73546 -30.00000

10.50896 -30.00000

16.28246 -30.00000

22.05597 -30.00000

27.82947 -30.00000

33.60297 -30.00000

39.37647 -30.00000

45.14998 -30.00000

50.92348 -30.00000

56.69698 -30.00000

62.47049 -30.00000

68.24399 -30.00000

74.01749 -30.00000

79.79099 -30.00000

85.56450 -30.00000

91.33800 -30.00000

97.11150 -30.00000

102.88500 -30.00000

108.65851 -30.00000

114.43201 -30.00000

120.20551 -30.00000

125.97902 -30.00000

131.75252 -30.00000

137.52602 -30.00000

143.29952 -30.00000

149.07303 -30.00000

154.84653 -30.00000

160.62003 -30.00000

166.39353 -30.00000

172.16704 -30.00000

177.94054 -30.00000

-176.28596 -30.00000

-170.51246 -30.00000

-164.73895 -30.00000

-158.96545 -30.00000

-153.19195 -30.00000

-147.41844 -30.00000

-141.64494 -30.00000

-135.87144 -30.00000

-130.09794 -30.00000

-124.32443 -30.00000

-118.55093 -30.00000

-107.00393 -35.00000

-100.90005 -35.00000

-94.79618 -35.00000

-88.69231 -35.00000

-82.58843 -35.00000

-76.48456 -35.00000

-70.38069 -35.00000

-64.27682 -35.00000

-58.17294 -35.00000

-52.06907 -35.00000

-45.96520 -35.00000

-39.86132 -35.00000

-33.75745 -35.00000

-27.65358 -35.00000

-21.54970 -35.00000

-15.44583 -35.00000

-9.34196 -35.00000

-3.23809 -35.00000

2.86579 -35.00000

8.96966 -35.00000

15.07353 -35.00000

21.17741 -35.00000

27.28128 -35.00000

33.38515 -35.00000

39.48903 -35.00000

45.59290 -35.00000

51.69677 -35.00000

57.80064 -35.00000

63.90452 -35.00000

70.00839 -35.00000

76.11226 -35.00000

82.21614 -35.00000

88.32001 -35.00000

94.42388 -35.00000

100.52775 -35.00000

106.63163 -35.00000

112.73550 -35.00000

118.83937 -35.00000

124.94325 -35.00000

131.04712 -35.00000

137.15099 -35.00000

143.25487 -35.00000

149.35874 -35.00000

155.46261 -35.00000

161.56648 -35.00000

167.67036 -35.00000

173.77423 -35.00000

179.87810 -35.00000

-174.01802 -35.00000

-167.91415 -35.00000

-161.81028 -35.00000

-155.70641 -35.00000

-149.60253 -35.00000

-143.49866 -35.00000

-137.39479 -35.00000

-131.29091 -35.00000

-125.18704 -35.00000

-119.08317 -35.00000

-112.97929 -35.00000

-100.77155 -40.00000

-94.24451 -40.00000

-87.71748 -40.00000

-81.19044 -40.00000

-74.66340 -40.00000

-68.13637 -40.00000

-61.60933 -40.00000

-55.08229 -40.00000

-48.55526 -40.00000

-42.02822 -40.00000

-35.50118 -40.00000

-28.97415 -40.00000

-22.44711 -40.00000

-15.92008 -40.00000

-9.39304 -40.00000

-2.86600 -40.00000

3.66103 -40.00000

10.18807 -40.00000

16.71511 -40.00000

23.24214 -40.00000

29.76918 -40.00000

36.29622 -40.00000

42.82325 -40.00000

49.35029 -40.00000

55.87733 -40.00000

62.40436 -40.00000

68.93140 -40.00000

75.45844 -40.00000

81.98547 -40.00000

88.51251 -40.00000

95.03954 -40.00000

101.56658 -40.00000

108.09362 -40.00000

114.62065 -40.00000

121.14769 -40.00000

127.67473 -40.00000

134.20176 -40.00000

140.72880 -40.00000

147.25584 -40.00000

153.78287 -40.00000

160.30991 -40.00000

166.83695 -40.00000

173.36398 -40.00000

179.89102 -40.00000

-173.58195 -40.00000

-167.05491 -40.00000

-160.52787 -40.00000

-154.00084 -40.00000

-147.47380 -40.00000

-140.94676 -40.00000

-134.41973 -40.00000

-127.89269 -40.00000

-121.36565 -40.00000

-114.83862 -40.00000

-108.31158 -40.00000

-95.25751 -45.00000

-88.18644 -45.00000

-81.11537 -45.00000

-74.04430 -45.00000

-66.97324 -45.00000

-59.90217 -45.00000

-52.83110 -45.00000

-45.76003 -45.00000

-38.68897 -45.00000

-31.61790 -45.00000

-24.54683 -45.00000

-17.47576 -45.00000

-10.40469 -45.00000

-3.33363 -45.00000

3.73744 -45.00000

10.80851 -45.00000

17.87958 -45.00000

24.95064 -45.00000

32.02171 -45.00000

39.09278 -45.00000

46.16385 -45.00000

53.23492 -45.00000

60.30598 -45.00000

67.37705 -45.00000

74.44812 -45.00000

81.51919 -45.00000

88.59026 -45.00000

95.66132 -45.00000

102.73239 -45.00000

109.80346 -45.00000

116.87453 -45.00000

123.94559 -45.00000

131.01666 -45.00000

138.08773 -45.00000

145.15880 -45.00000

152.22987 -45.00000

159.30093 -45.00000

166.37200 -45.00000

173.44307 -45.00000

-179.48586 -45.00000

-172.41480 -45.00000

-165.34373 -45.00000

-158.27266 -45.00000

-151.20159 -45.00000

-144.13052 -45.00000

-137.05946 -45.00000

-129.98839 -45.00000

-122.91732 -45.00000

-115.84625 -45.00000

-108.77519 -45.00000

-101.70412 -45.00000

-87.56198 -50.00000

-79.78336 -50.00000

-72.00474 -50.00000

-64.22612 -50.00000

-56.44751 -50.00000

-48.66889 -50.00000

-40.89027 -50.00000

-33.11165 -50.00000

-25.33303 -50.00000

-17.55441 -50.00000

-9.77579 -50.00000

-1.99717 -50.00000

5.78145 -50.00000

13.56007 -50.00000

21.33869 -50.00000

29.11731 -50.00000

36.89592 -50.00000

44.67454 -50.00000

52.45316 -50.00000

60.23178 -50.00000

68.01040 -50.00000

75.78902 -50.00000

83.56764 -50.00000

91.34626 -50.00000

99.12488 -50.00000

106.90350 -50.00000

114.68212 -50.00000

122.46073 -50.00000

130.23935 -50.00000

138.01797 -50.00000

145.79659 -50.00000

153.57521 -50.00000

161.35383 -50.00000

169.13245 -50.00000

176.91107 -50.00000

-175.31031 -50.00000

-167.53169 -50.00000

-159.75307 -50.00000

-151.97445 -50.00000

-144.19584 -50.00000

-136.41722 -50.00000

-128.63860 -50.00000

-120.85998 -50.00000

-113.08136 -50.00000

-105.30274 -50.00000

-97.52412 -50.00000

-81.96688 -55.00000

-73.24965 -55.00000

-64.53241 -55.00000

-55.81518 -55.00000

-47.09795 -55.00000

-38.38071 -55.00000

-29.66348 -55.00000

-20.94624 -55.00000

-12.22901 -55.00000

-3.51178 -55.00000

5.20546 -55.00000

13.92269 -55.00000

22.63993 -55.00000

31.35716 -55.00000

40.07439 -55.00000

48.79163 -55.00000

57.50886 -55.00000

66.22610 -55.00000

74.94333 -55.00000

83.66056 -55.00000

92.37780 -55.00000

101.09503 -55.00000

109.81227 -55.00000

118.52950 -55.00000

127.24673 -55.00000

135.96397 -55.00000

144.68120 -55.00000

153.39843 -55.00000

162.11567 -55.00000

170.83290 -55.00000

179.55014 -55.00000

-171.73263 -55.00000

-163.01540 -55.00000

-154.29816 -55.00000

-145.58093 -55.00000

-136.86369 -55.00000

-128.14646 -55.00000

-119.42923 -55.00000

-110.71199 -55.00000

-101.99476 -55.00000

-93.27752 -55.00000

-75.84306 -60.00000

-65.84306 -60.00000

-55.84306 -60.00000

-45.84306 -60.00000

-35.84306 -60.00000

-25.84306 -60.00000

-15.84306 -60.00000

-5.84306 -60.00000

4.15694 -60.00000

14.15694 -60.00000

24.15694 -60.00000

34.15694 -60.00000

44.15694 -60.00000

54.15694 -60.00000

64.15694 -60.00000

74.15694 -60.00000

84.15694 -60.00000

94.15694 -60.00000

104.15694 -60.00000

114.15694 -60.00000

124.15694 -60.00000

134.15694 -60.00000

144.15694 -60.00000

154.15694 -60.00000

164.15694 -60.00000

174.15694 -60.00000

-175.84306 -60.00000

-165.84306 -60.00000

-155.84306 -60.00000

-145.84306 -60.00000

-135.84306 -60.00000

-125.84306 -60.00000

-115.84306 -60.00000

-105.84306 -60.00000

-95.84306 -60.00000

-85.84306 -60.00000

-65.84306 -65.00000

-54.01205 -65.00000

-42.18104 -65.00000

-30.35003 -65.00000

-18.51902 -65.00000

-6.68802 -65.00000

5.14299 -65.00000

16.97400 -65.00000

28.80501 -65.00000

40.63602 -65.00000

52.46702 -65.00000

64.29803 -65.00000

76.12904 -65.00000

87.96005 -65.00000

99.79106 -65.00000

111.62206 -65.00000

123.45307 -65.00000

135.28408 -65.00000

147.11509 -65.00000

158.94610 -65.00000

170.77710 -65.00000

-177.39189 -65.00000

-165.56088 -65.00000

-153.72987 -65.00000

-141.89887 -65.00000

-130.06786 -65.00000

-118.23685 -65.00000

-106.40584 -65.00000

-94.57483 -65.00000

-82.74383 -65.00000

-59.08181 -70.00000

-44.46279 -70.00000

-29.84377 -70.00000

-15.22474 -70.00000

-.60572 -70.00000

14.01330 -70.00000

28.63232 -70.00000

43.25134 -70.00000

57.87037 -70.00000

72.48939 -70.00000

87.10841 -70.00000

101.72743 -70.00000

116.34645 -70.00000

130.96548 -70.00000

145.58450 -70.00000

160.20352 -70.00000

174.82254 -70.00000

-170.55844 -70.00000

-155.93941 -70.00000

-141.32039 -70.00000

-126.70137 -70.00000

-112.08235 -70.00000

-97.46333 -70.00000

-82.84430 -70.00000

-68.22528 -70.00000

-38.98724 -75.00000

-19.66872 -75.00000

-.35020 -75.00000

18.96831 -75.00000

38.28683 -75.00000

57.60534 -75.00000

76.92386 -75.00000

96.24238 -75.00000

115.56089 -75.00000

134.87941 -75.00000

154.19793 -75.00000

173.51644 -75.00000

-167.16504 -75.00000

-147.84652 -75.00000

-128.52801 -75.00000

-109.20949 -75.00000

-89.89097 -75.00000

-70.57246 -75.00000

-51.25394 -75.00000

-12.61691 -80.00000

16.17694 -80.00000

44.97080 -80.00000

73.76465 -80.00000

102.55850 -80.00000

131.35235 -80.00000

160.14621 -80.00000

-171.05994 -80.00000

-142.26609 -80.00000

-113.47224 -80.00000

-84.67838 -80.00000

-55.88453 -80.00000

-27.09068 -80.00000

30.49703 -85.00000

87.86559 -85.00000

145.23416 -85.00000

-157.39727 -85.00000

-100.02871 -85.00000

-42.66014 -85.00000

0.00000 -90.00000

