:  363  African
359.30 -54.80
359.70 -54.50
   .80 -54.90
  3.00 -53.60
  4.00 -54.20
  5.00 -54.80
  7.60 -53.60
  8.30 -54.00
 11.50 -52.20
 12.70 -52.80
 13.90 -51.80
 15.10 -52.20
 15.90 -51.70
 18.50 -52.70
 20.00 -52.80
 22.50 -53.00
 25.50 -53.80
 26.20 -52.50
 27.80 -52.80
 29.50 -50.20
 30.50 -49.80
 32.50 -47.00
 34.80 -47.20
 35.70 -44.80
 39.30 -43.70
 42.40 -42.80
 42.70 -40.90
 46.00 -40.10
 46.20 -38.80
 49.00 -37.80
 52.20 -37.50
 52.30 -36.10
 53.30 -36.10
 53.40 -35.30
 54.10 -35.40
 54.20 -34.70
 55.10 -34.70
 57.00 -33.80
 57.00 -31.90
 58.30 -31.80
 59.00 -30.70
 60.80 -30.70
 61.00 -29.00
 63.20 -28.10
 66.10 -27.70
 67.80 -26.60
 68.90 -26.00
 69.30 -25.80
 70.05 -25.51
 69.95 -25.32
 70.07 -25.19
 69.77 -24.65
 69.81 -24.62
 69.61 -24.30
 69.74 -24.22
 69.19 -23.25
 69.35 -23.13
 69.26 -22.96
 69.35 -22.91
 69.26 -22.74
 69.35 -22.69
 69.08 -22.20
 69.22 -22.13
 68.40 -20.46
 67.91 -20.64
 67.64 -20.13
 67.24 -20.38
 66.82 -19.95
 66.23 -20.25
 65.02 -17.98
 66.82 -16.96
 66.47 -16.61
 67.38 -16.00
 67.08 -15.68
 67.24 -15.44
 66.72 -14.90
 66.38 -14.80
 65.86 -13.99
 66.70 -13.34
 66.49 -13.12
 66.44 -12.88
 65.56 -12.14
 65.75 -12.00
 66.32 -11.56
 66.20 -11.30
 66.79 -10.78
 66.28 -10.40
 66.84  -9.88
 66.54  -9.64
 68.28  -8.20
 67.86  -7.75
 68.25  -7.40
 67.92  -7.12
 68.50  -6.56
 67.98  -6.08
 68.78  -5.24
 68.60  -5.10
 68.36  -4.90
 68.73  -4.51
 68.28  -4.16
 68.61  -3.69
 67.98  -3.28
 68.21  -2.92
 67.88  -2.72
 68.19  -2.21
 67.92  -2.06
 68.04  -1.84
 67.34  -1.36
 67.58   -.96
 67.34   -.80
 67.34   -.66
 67.00   -.46
 67.22   -.18
 67.02    .00
 67.02    .16
 66.80    .48
 67.25    .88
 67.04   1.32
 66.66   1.60
 66.76   2.30
 65.88   3.00
 65.12   2.96
 64.14   3.66
 63.52   3.76
 63.32   3.92
 63.08   3.96
 62.52   4.32
 62.56   4.48
 62.06   4.80
 62.20   4.98
 61.54   5.44
 61.60   5.56
 60.76   6.20
 60.40   6.38
 60.32   6.60
 60.16   6.68
 60.00   7.00
 59.56   7.18
 59.80   7.72
 59.24   8.00
 59.04   8.00
 58.28   8.48
 58.44   9.11
 58.06   9.24
 58.15   9.68
 57.50  10.12
 57.22   9.90
 56.75  10.25
 57.40  11.00
 57.90  12.00
 58.30  12.70
 57.50  13.50
 56.30  14.50
 56.10  14.30
 54.50  15.20
 53.80  14.30
 53.00  14.60
 52.80  14.40
 52.20  14.60
 51.20  13.10
 50.20  13.40
 49.80  13.10
 48.80  13.00
 48.20  12.60
 46.50  12.50
 46.30  12.20
 43.70  11.90
 43.50  12.20
 42.50  13.20
 41.60  14.30
 40.50  16.00
 39.40  18.10
 38.50  19.80
 37.20  22.00
 36.20  23.80
 35.30  25.30
 34.60  26.60
 34.20  27.10
 34.20  27.90
 34.50  28.40
 34.70  29.00
 34.90  29.50
 34.90  30.00
 34.90  30.80
 35.00  31.30
 35.00  32.10
 35.20  32.90
 35.50  34.00
 35.70  34.90
 35.80  35.70
 35.60  35.90
 35.20  35.60
 34.50  35.00
 34.00  34.60
 32.90  34.20
 32.30  34.30
 31.40  34.90
 30.90  35.40
 30.30  35.80
 29.80  35.70
 29.20  35.20
 28.20  34.80
 27.40  34.50
 26.70  34.40
 25.70  34.30
 24.60  34.20
 23.70  34.40
 23.00  34.70
 22.20  35.20
 21.60  35.80
 20.90  36.50
 20.50  37.30
 20.00  38.20
 19.70  39.10
 19.40  39.90
 18.90  40.20
 18.20  39.70
 17.30  38.90
 16.60  38.30
 15.10  38.50
 14.20  38.50
  6.80  36.40
  1.40  36.20
354.00  36.00
350.00  36.00
346.00  37.00
344.00  37.80
342.00  37.80
339.80  37.12
339.50  37.13
339.10  37.14
338.70  37.10
338.50  37.07
336.80  36.97
335.90  36.82
335.30  37.30
334.60  37.70
333.80  38.10
333.20  38.40
332.60  38.80
331.90  39.00
330.90  39.30
330.25  39.45
330.05  39.45
329.70  38.40
329.35  38.30
329.20  38.00
328.85  37.90
328.00  37.50
326.80  36.80
326.30  36.50
325.90  36.00
325.00  35.00
323.60  35.30
322.20  33.50
320.70  33.80
319.50  31.90
318.30  30.90
318.10  30.50
318.00  30.00
317.30  30.10
316.85  28.75
316.25  28.75
315.80  27.50
315.50  26.90
315.20  26.20
315.00  25.70
314.60  25.20
313.90  24.50
313.70  24.20
313.70  23.90
313.70  23.90
315.10  23.70
315.00  23.00
315.00  22.80
314.50  22.00
314.40  21.30
314.30  20.30
314.20  19.80
313.90  19.00
313.60  18.50
313.40  16.80
313.30  15.40
315.00  15.30
315.00  13.70
315.20  13.50
315.20  12.60
315.90  12.60
315.90  12.10
316.30  12.10
316.30  10.80
319.10  10.70
319.30   9.50
319.80   8.80
320.60   8.70
320.80   8.10
322.20   8.10
322.60   7.60
326.00   7.20
327.40   5.20
327.40   4.00
328.60   3.90
329.60    .90
333.50    .90
333.80    .60
335.00    .50
335.40  -1.20
343.70    .10
344.20  -1.40
347.20   -.90
348.50  -6.80
346.60  -7.20
346.50  -8.00
347.00 -10.50
347.10 -11.50
345.10 -11.90
345.50 -13.50
345.70 -14.10
346.40 -14.00
346.50 -15.00
346.80 -16.10
345.70 -16.20
346.00 -17.00
345.90 -17.90
347.00 -17.80
348.00 -19.20
348.40 -21.10
347.50 -22.60
346.50 -23.10
346.60 -24.70
346.30 -25.10
346.20 -26.90
346.80 -27.30
347.10 -29.00
346.30 -29.20
346.60 -31.10
346.60 -31.70
346.70 -32.30
345.50 -32.50
345.50 -33.00
345.40 -33.90
344.80 -34.30
344.70 -35.30
342.20 -35.50
342.50 -37.30
344.00 -39.10
344.10 -40.10
343.20 -40.30
343.50 -41.70
344.00 -44.10
344.80 -45.20
346.20 -46.20
346.70 -47.40
349.30 -46.90
350.20 -48.20
352.00 -49.30
353.00 -50.10
355.20 -52.20
357.00 -53.50
357.60 -54.30
358.50 -54.00
359.00 -54.60
359.30 -54.80
