:  251  Antarctic
 70.05 -25.51
 69.30 -25.80
 68.90 -26.00
 67.80 -26.60
 66.10 -27.70
 63.20 -28.10
 61.00 -29.00
 60.80 -30.70
 59.00 -30.70
 58.30 -31.80
 57.00 -31.90
 57.00 -33.80
 55.10 -34.70
 54.20 -34.70
 54.10 -35.40
 53.40 -35.30
 53.30 -36.10
 52.30 -36.10
 52.20 -37.50
 49.00 -37.80
 46.20 -38.80
 46.00 -40.10
 42.70 -40.90
 42.40 -42.80
 39.30 -43.70
 35.70 -44.80
 34.80 -47.20
 32.50 -47.00
 30.50 -49.80
 29.50 -50.20
 27.80 -52.80
 26.20 -52.50
 25.50 -53.80
 22.50 -53.00
 20.00 -52.80
 18.50 -52.70
 15.90 -51.70
 15.10 -52.20
 13.90 -51.80
 12.70 -52.80
 11.50 -52.20
  8.30 -54.00
  7.60 -53.60
  5.00 -54.80
  4.00 -54.20
  3.00 -53.60
   .80 -54.90
359.70 -54.50
359.30 -54.80
358.90 -54.80
358.60 -55.10
358.40 -55.30
358.40 -55.60
355.30 -55.80
353.00 -57.80
343.80 -58.30
343.80 -59.00
342.00 -59.10
342.00 -59.60
341.50 -59.60
341.50 -60.20
341.10 -60.20
341.00 -60.50
340.70 -60.50
340.60 -60.80
340.10 -60.90
339.50 -60.90
338.80 -61.00
338.10 -61.00
337.40 -61.00
336.70 -61.00
336.10 -61.00
335.60 -60.90
335.10 -60.80
334.40 -60.70
326.70 -60.00
322.50 -61.00
312.50 -60.00
304.00 -60.70
289.20 -55.40
288.00 -54.90
286.90 -54.40
285.70 -53.60
284.80 -53.00
284.70 -51.90
284.60 -50.70
284.60 -49.60
284.30 -48.80
284.10 -47.70
284.00 -46.90
283.80 -45.80
283.80 -45.30
283.40 -45.60
282.70 -45.60
281.50 -45.20
280.40 -45.00
279.40 -44.90
277.70 -44.80
277.30 -44.30
277.10 -43.30
276.90 -41.90
276.10 -41.80
275.30 -41.70
273.60 -41.50
271.30 -41.30
268.90 -41.20
268.30 -40.30
268.20 -39.10
267.50 -38.80
266.30 -38.40
266.40 -37.40
265.40 -37.20
263.70 -37.10
263.70 -36.50
263.00 -36.40
261.60 -36.30
259.70 -36.10
258.20 -35.90
256.30 -35.80
254.70 -35.70
253.40 -35.50
252.30 -35.30
251.10 -35.20
249.80 -35.20
249.10 -35.10
248.00 -34.90
248.30 -38.40
247.80 -40.70
247.30 -42.70
246.70 -45.20
245.90 -48.30
245.00 -50.00
243.60 -49.60
243.00 -50.80
241.60 -53.20
242.00 -53.30
241.00 -54.50
239.50 -54.30
237.70 -55.80
233.60 -54.70
233.00 -55.30
231.30 -54.90
227.60 -54.10
227.00 -54.90
223.10 -54.00
222.40 -55.00
222.10 -54.90
220.80 -56.20
220.10 -56.00
219.20 -56.80
215.30 -55.70
213.40 -57.30
212.90 -57.10
210.70 -58.70
210.90 -58.80
209.20 -60.00
207.90 -59.60
202.50 -63.10
198.70 -61.70
195.60 -63.30
194.10 -62.80
189.20 -65.10
188.10 -64.70
182.30 -66.70
174.80 -63.70
173.40 -64.10
170.50 -62.50
168.40 -63.00
167.40 -62.60
166.40 -62.90
165.00 -62.00
163.80 -62.30
163.20 -61.80
155.90 -63.00
155.70 -62.90
153.80 -60.10
150.40 -60.50
148.80 -57.50
147.50 -57.60
147.20 -55.60
146.20 -55.70
146.10 -54.70
145.00 -54.70
144.50 -54.30
143.90 -54.40
143.60 -54.10
141.20 -54.20
140.80 -52.70
140.00 -52.80
139.60 -51.90
138.60 -52.00
137.70 -50.60
136.40 -50.80
136.00 -50.40
134.40 -50.40
134.20 -50.30
132.30 -50.30
132.30 -50.10
130.90 -50.10
130.80 -50.30
127.50 -49.90
127.70 -49.00
126.90 -48.90
126.60 -49.70
125.70 -49.60
125.80 -49.40
125.40 -49.30
125.40 -49.20
125.00 -49.10
124.80 -49.40
124.50 -49.40
124.50 -49.70
123.90 -49.60
123.70 -50.00
122.70 -49.80
122.90 -49.30
122.30 -49.20
121.70 -50.20
118.80 -49.70
118.60 -49.90
118.10 -49.80
118.00 -50.10
116.40 -49.80
115.90 -50.70
114.80 -50.40
114.30 -51.20
100.40 -47.60
 99.70 -48.20
 95.10 -46.30
 95.50 -46.00
 88.30 -42.00
 87.20 -43.00
 85.30 -41.80
 83.50 -43.20
 81.10 -41.20
 79.60 -42.20
 75.90 -39.10
 79.00 -36.30
 78.30 -35.80
 79.10 -35.10
 77.40 -33.70
 78.10 -32.90
 74.80 -30.20
 75.50 -29.50
 74.10 -28.40
 74.20 -28.20
 73.00 -27.40
 72.80 -27.50
 71.20 -26.20
 70.80 -26.30
 70.05 -25.51
