:  113  Arabian
 65.80  25.20
 65.00  25.20
 64.00  25.20
 63.00  25.00
 62.00  24.90
 61.00  25.00
 60.00  25.20
 59.80  25.20
 59.00  25.40
 58.70  25.40
 58.10  25.60
 57.00  25.80
 56.00  26.00
 55.10  26.20
 54.30  26.30
 53.30  26.50
 52.40  27.30
 51.80  28.00
 51.20  28.70
 50.40  29.70
 49.80  30.40
 49.30  31.30
 48.70  32.10
 48.10  32.80
 47.70  33.50
 47.10  34.10
 46.40  35.00
 45.90  35.50
 45.40  36.00
 44.90  36.40
 44.30  37.20
 44.00  37.60
 43.60  38.00
 43.60  38.00
 43.00  38.30
 42.30  38.90
 41.60  39.20
 40.70  39.20
 40.10  39.00
 39.50  38.70
 39.00  38.40
 38.50  38.20
 37.90  37.90
 37.40  37.50
 36.80  37.20
 36.30  36.70
 35.90  36.40
 35.60  35.90
 35.80  35.70
 35.70  34.90
 35.50  34.00
 35.20  32.90
 35.00  32.10
 35.00  31.30
 34.90  30.80
 34.90  30.00
 34.90  29.50
 34.70  29.00
 34.50  28.40
 34.20  27.90
 34.20  27.10
 34.60  26.60
 35.30  25.30
 36.20  23.80
 37.20  22.00
 38.50  19.80
 39.40  18.10
 40.50  16.00
 41.60  14.30
 42.50  13.20
 43.50  12.20
 43.70  11.90
 46.30  12.20
 46.50  12.50
 48.20  12.60
 48.80  13.00
 49.80  13.10
 50.20  13.40
 51.20  13.10
 52.20  14.60
 52.80  14.40
 53.00  14.60
 53.80  14.30
 54.50  15.20
 56.10  14.30
 56.30  14.50
 57.50  13.50
 58.30  12.70
 58.60  13.00
 58.90  13.50
 59.10  14.00
 59.50  14.50
 59.80  15.00
 59.90  15.50
 60.00  16.00
 60.00  16.50
 60.10  17.00
 60.20  17.50
 60.30  18.00
 60.45  18.50
 60.80  19.00
 61.20  20.00
 61.60  20.50
 62.00  21.00
 62.25  21.50
 62.50  22.00
 63.00  22.50
 63.50  23.00
 63.80  23.20
 64.80  23.30
 65.20  24.00
 65.70  25.00
 65.80  25.20
