:  346  Australian
 91.80   9.30
 90.00   5.00
 89.50    .00
 89.00  -5.00
 80.00  -5.00
 68.73  -4.51
 68.36  -4.90
 68.60  -5.10
 68.78  -5.24
 67.98  -6.08
 68.50  -6.56
 67.92  -7.12
 68.25  -7.40
 67.86  -7.75
 68.28  -8.20
 66.54  -9.64
 66.84  -9.88
 66.28 -10.40
 66.79 -10.78
 66.20 -11.30
 66.32 -11.56
 65.75 -12.00
 65.56 -12.14
 66.44 -12.88
 66.49 -13.12
 66.70 -13.34
 65.86 -13.99
 66.38 -14.80
 66.72 -14.90
 67.24 -15.44
 67.08 -15.68
 67.38 -16.00
 66.47 -16.61
 66.82 -16.96
 65.02 -17.98
 66.23 -20.25
 66.82 -19.95
 67.24 -20.38
 67.64 -20.13
 67.91 -20.64
 68.40 -20.46
 69.22 -22.13
 69.08 -22.20
 69.35 -22.69
 69.26 -22.74
 69.35 -22.91
 69.26 -22.96
 69.35 -23.13
 69.19 -23.25
 69.74 -24.22
 69.61 -24.30
 69.81 -24.62
 69.77 -24.65
 70.07 -25.19
 69.95 -25.32
 70.05 -25.51
 70.80 -26.30
 71.20 -26.20
 72.80 -27.50
 73.00 -27.40
 74.20 -28.20
 74.10 -28.40
 75.50 -29.50
 74.80 -30.20
 78.10 -32.90
 77.40 -33.70
 79.10 -35.10
 78.30 -35.80
 79.00 -36.30
 75.90 -39.10
 79.60 -42.20
 81.10 -41.20
 83.50 -43.20
 85.30 -41.80
 87.20 -43.00
 88.30 -42.00
 95.50 -46.00
 95.10 -46.30
 99.70 -48.20
100.40 -47.60
114.30 -51.20
114.80 -50.40
115.90 -50.70
116.40 -49.80
118.00 -50.10
118.10 -49.80
118.60 -49.90
118.80 -49.70
121.70 -50.20
122.30 -49.20
122.90 -49.30
122.70 -49.80
123.70 -50.00
123.90 -49.60
124.50 -49.70
124.50 -49.40
124.80 -49.40
125.00 -49.10
125.40 -49.20
125.40 -49.30
125.80 -49.40
125.70 -49.60
126.60 -49.70
126.90 -48.90
127.70 -49.00
127.50 -49.90
130.80 -50.30
130.90 -50.10
132.30 -50.10
132.30 -50.30
134.20 -50.30
134.40 -50.40
136.00 -50.40
136.40 -50.80
137.70 -50.60
138.60 -52.00
139.60 -51.90
140.00 -52.80
140.80 -52.70
141.20 -54.20
143.60 -54.10
143.90 -54.40
144.50 -54.30
145.00 -54.70
146.10 -54.70
146.20 -55.70
147.20 -55.60
147.50 -57.60
148.80 -57.50
150.40 -60.50
153.80 -60.10
155.70 -62.90
155.90 -63.00
161.20 -61.80
160.90 -61.60
158.80 -59.70
158.80 -59.60
158.60 -59.50
158.50 -59.40
158.50 -59.30
158.40 -59.20
158.30 -59.10
158.20 -59.00
158.10 -58.90
158.00 -58.80
157.90 -58.80
157.80 -58.70
157.80 -58.60
157.70 -58.50
157.60 -58.40
157.50 -58.30
157.30 -58.10
157.30 -57.90
157.30 -57.80
157.40 -57.70
157.40 -57.50
157.50 -57.40
157.60 -57.30
157.70 -57.20
157.70 -57.10
157.70 -56.90
157.90 -56.80
158.00 -56.60
158.10 -56.50
158.30 -56.40
158.40 -56.10
158.60 -55.90
158.50 -55.80
158.60 -55.60
158.70 -55.40
158.70 -55.30
158.80 -55.10
158.90 -54.90
159.10 -54.70
159.20 -54.40
159.30 -54.20
159.40 -54.10
159.50 -53.90
159.70 -53.70
159.90 -53.50
160.60 -52.70
161.10 -52.10
162.40 -50.90
163.30 -50.30
164.10 -49.70
164.30 -49.10
164.70 -48.60
165.30 -47.90
165.90 -47.00
166.50 -46.00
167.30 -45.20
167.80 -44.70
169.00 -44.10
169.90 -43.70
171.00 -43.20
172.20 -42.60
173.30 -42.00
174.40 -41.70
175.30 -41.60
176.40 -41.10
176.90 -40.70
178.20 -39.40
178.80 -38.70
179.60 -37.40
180.80 -35.80
181.50 -34.40
182.00 -33.30
182.90 -31.70
183.10 -31.10
183.80 -29.80
184.30 -28.60
184.90 -27.20
185.50 -25.40
186.20 -23.60
186.50 -22.60
187.10 -21.40
187.90 -19.70
188.60 -18.10
188.90 -16.80
188.90 -15.40
188.40 -14.50
188.40 -14.50
187.20 -14.50
186.10 -14.50
185.10 -14.50
183.80 -14.60
182.30 -14.70
181.10 -15.10
180.70 -15.20
179.70 -15.50
178.30 -16.10
177.20 -17.20
176.20 -18.30
175.60 -19.30
174.30 -21.10
173.50 -22.00
172.50 -22.90
171.50 -23.70
170.60 -23.70
169.90 -23.10
169.10 -22.10
168.40 -21.00
168.00 -20.00
167.40 -19.00
166.90 -17.80
166.40 -16.80
165.80 -15.00
165.40 -13.60
164.80 -12.20
163.80 -11.80
162.90 -11.70
161.70 -11.60
160.50 -11.00
159.50 -10.40
158.50 -10.00
157.70  -9.60
156.60  -8.90
155.30  -8.00
154.20  -7.20
153.20  -6.70
152.40  -6.70
151.30  -6.90
150.50  -7.10
149.70  -7.30
148.60  -7.50
147.50  -7.30
147.00  -6.70
146.60  -5.90
146.10  -5.20
145.50  -4.40
144.60  -3.60
143.80  -3.00
142.70  -2.30
141.40  -1.90
140.10  -1.70
139.10  -1.60
137.80  -1.40
136.80  -1.40
136.50  -1.20
136.20  -1.00
135.90   -.70
135.70   -.50
135.40   -.20
135.10    .00
134.30    .20
133.40    .50
132.60    .70
131.80   1.00
130.90   1.10
130.70   -.30
130.60  -1.80
130.70  -3.40
131.10  -4.60
131.30  -6.10
130.00  -7.20
127.90  -7.40
125.80  -7.50
124.50  -7.90
123.30  -9.30
122.40 -10.30
119.90 -10.30
118.10 -10.20
116.40  -9.50
114.90  -9.40
114.40  -9.30
113.50  -9.20
113.20  -9.30
112.60  -9.40
111.60  -9.30
110.90  -9.00
110.30  -9.00
109.30  -8.80
108.50  -8.50
107.80  -8.30
107.00  -8.00
106.40  -7.80
106.10  -7.50
105.70  -7.60
105.00  -7.40
104.40  -7.10
104.10  -7.30
103.40  -7.00
102.80  -6.40
102.30  -6.30
101.40  -5.10
100.80  -4.60
100.20  -4.00
 99.70  -3.20
 99.50  -2.80
 99.10  -2.80
 98.60  -2.00
 97.90  -1.30
 97.40   -.30
 96.80    .80
 96.20   1.50
 95.40   2.10
 94.90   2.30
 94.50   2.90
 93.60   3.80
 93.10   4.20
 92.90   5.30
 93.00   5.90
 93.00   6.80
 92.40   7.80
 92.00   8.80
 91.80   9.30
