:   96  Caribbean
264.20  15.00
264.90  14.80
265.50  14.60
266.20  14.30
266.70  13.90
267.30  13.60
267.90  13.20
268.50  13.00
269.00  12.70
269.00  12.70
269.50  12.40
269.90  12.20
270.40  12.00
271.00  11.70
271.50  11.50
272.20  11.10
272.80  10.80
273.30  10.40
273.80  10.00
274.30   9.50
274.80   9.10
275.40   8.70
275.80   8.30
276.20   8.00
276.60   7.70
277.00   7.50
277.30   7.30
277.60   7.20
278.00   7.20
278.30   7.10
278.70   7.00
279.20   6.90
279.70   7.00
280.10   7.20
280.50   7.50
280.90   7.50
281.30   7.40
281.60   7.10
281.90   6.50
282.00   6.00
282.20   5.40
282.20   4.90
282.10   4.30
281.90   3.60
282.50   3.80
283.60   4.30
284.60   4.90
285.60   5.50
286.50   6.20
287.30   7.00
288.00   7.70
288.60   8.40
289.30   9.20
289.90   9.90
290.70  10.30
291.90  10.40
293.40  10.50
294.80  10.40
296.00  10.40
297.40  10.40
298.30  10.40
300.10  13.10
300.30  13.60
300.40  14.10
300.60  14.50
300.70  14.90
300.70  15.60
300.60  16.30
300.20  16.90
299.70  17.40
299.00  18.00
298.20  18.60
297.50  19.00
296.60  19.40
295.90  19.60
295.00  19.70
294.00  19.80
294.00  19.80
292.90  20.00
292.10  20.10
291.20  20.10
290.30  20.10
289.20  20.10
288.10  20.10
287.20  19.90
286.40  19.90
285.00  19.70
283.00  19.70
280.00  19.20
278.50  18.80
278.50  17.80
277.00  17.50
275.00  16.90
273.00  16.40
270.70  15.30
264.20  15.00
