:  128  Cocos
252.30  22.90
252.10  22.70
251.90  22.30
251.60  21.70
251.20  20.90
250.80  20.20
250.60  19.80
250.80  19.70
251.40  19.40
252.10  19.20
252.90  18.90
253.70  18.50
254.40  18.20
254.70  18.10
254.60  17.30
254.60  16.50
254.60  15.20
255.00  15.20
255.60  15.20
255.60  14.30
255.60  13.00
255.60  11.90
255.60  11.00
255.70  10.40
256.00  10.20
256.30  10.10
256.30   9.50
256.40   8.90
256.40   8.50
256.90   8.50
257.40   8.40
257.40   7.90
257.40   7.00
257.40   6.20
257.40   5.50
257.40   4.90
257.40   4.30
257.40   3.50
257.40   2.70
257.40   2.30
257.80   2.20
258.70   2.20
259.50   2.10
260.30   2.10
261.40   2.10
262.40   2.10
263.30   2.10
264.20   2.10
265.00   2.10
265.80   2.10
266.90   2.00
267.90   2.00
269.00   1.90
269.40   1.60
269.40   1.10
270.40   1.10
271.60   1.10
272.60   1.10
274.10   1.00
274.80    .90
274.80   1.40
274.80   1.80
275.50   1.80
275.50   2.50
275.50   3.40
276.30   3.50
277.00   3.50
277.60   3.50
277.50   4.00
277.60   4.60
277.50   5.20
277.50   5.90
277.50   6.50
277.50   6.90
277.50   7.00
277.60   7.20
277.30   7.30
277.00   7.50
276.60   7.70
276.20   8.00
275.80   8.30
275.40   8.70
274.80   9.10
274.30   9.50
273.80  10.00
273.30  10.40
272.80  10.80
272.20  11.10
271.50  11.50
271.00  11.70
270.40  12.00
269.90  12.20
269.50  12.40
269.00  12.70
269.00  12.70
268.50  13.00
267.90  13.20
267.30  13.60
266.70  13.90
266.20  14.30
265.50  14.60
264.90  14.80
264.20  15.00
263.60  15.10
263.00  15.20
262.40  15.30
261.70  15.60
261.20  15.80
260.60  16.10
260.10  16.30
259.30  16.60
258.60  16.90
257.90  17.20
257.10  17.60
256.40  18.00
255.70  18.40
255.20  18.90
254.80  19.20
254.40  19.60
254.30  20.20
254.30  20.60
254.40  21.20
254.10  21.60
253.80  21.90
253.20  22.10
252.70  22.40
252.40  22.60
252.30  22.90
