:  373  Eurasia
144.80  41.00
143.00  42.00
142.20  43.00
142.00  44.00
142.00  46.00
142.20  48.00
142.50  50.00
142.50  52.50
142.50  55.00
147.00  61.90
146.20  63.30
146.10  63.90
142.10  66.20
140.00  67.70
126.20  70.20
122.80  75.50
126.70  78.20
122.00  80.70
 98.50  85.00
 43.00  86.50
  7.50  84.90
   .00  84.10
355.50  83.40
354.00  82.10
356.50  80.90
358.00  80.38
  4.25  79.60
  3.00  79.04
  7.00  78.45
  7.60  77.90
  7.40  76.75
  7.20  76.55
  7.30  75.60
  8.40  74.80
  8.40  74.60
  8.70  74.35
  8.80  73.95
  8.25  73.55
  7.80  73.40
  6.80  73.25
  4.40  72.80
  1.10  72.20
355.30  71.40
353.50  70.92
348.00  71.70
346.80  70.92
346.20  70.97
345.30  70.55
344.60  70.00
343.50  68.90
342.70  68.98
341.90  68.40
341.50  67.70
340.50  66.70
343.50  66.40
343.00  66.00
343.00  65.00
341.00  63.70
337.50  64.10
335.40  63.00
333.00  61.60
330.50  60.00
326.00  57.00
324.70  55.20
324.80  53.00
325.00  52.70
328.20  52.60
328.20  52.20
330.00  52.10
330.00  51.20
331.00  49.80
332.50  47.80
332.60  46.50
332.00  45.00
331.80  44.50
331.50  43.80
331.00  43.30
330.70  42.90
330.70  42.70
330.70  42.30
330.70  41.70
330.30  40.00
330.25  39.45
330.90  39.30
331.90  39.00
332.60  38.80
333.20  38.40
333.80  38.10
334.60  37.70
335.30  37.30
335.90  36.82
336.80  36.97
338.50  37.07
338.70  37.10
339.10  37.14
339.50  37.13
339.80  37.12
342.00  37.80
344.00  37.80
346.00  37.00
350.00  36.00
354.00  36.00
  1.40  36.20
  6.80  36.40
 14.20  38.50
 15.10  38.50
 16.60  38.30
 17.30  38.90
 18.20  39.70
 18.90  40.20
 19.40  39.90
 19.70  39.10
 20.00  38.20
 20.50  37.30
 20.90  36.50
 21.60  35.80
 22.20  35.20
 23.00  34.70
 23.70  34.40
 24.60  34.20
 25.70  34.30
 26.70  34.40
 27.40  34.50
 28.20  34.80
 29.20  35.20
 29.80  35.70
 30.30  35.80
 30.90  35.40
 31.40  34.90
 32.30  34.30
 32.90  34.20
 34.00  34.60
 34.50  35.00
 35.20  35.60
 35.60  35.90
 35.90  36.40
 36.30  36.70
 36.80  37.20
 37.40  37.50
 37.90  37.90
 38.50  38.20
 39.00  38.40
 39.50  38.70
 40.10  39.00
 40.70  39.20
 41.60  39.20
 42.30  38.90
 43.00  38.30
 43.60  38.00
 43.60  38.00
 44.00  37.60
 44.30  37.20
 44.90  36.40
 45.40  36.00
 45.90  35.50
 46.40  35.00
 47.10  34.10
 47.70  33.50
 48.10  32.80
 48.70  32.10
 49.30  31.30
 49.80  30.40
 50.40  29.70
 51.20  28.70
 51.80  28.00
 52.40  27.30
 53.30  26.50
 54.30  26.30
 55.10  26.20
 56.00  26.00
 57.00  25.80
 58.10  25.60
 58.70  25.40
 59.00  25.40
 59.80  25.20
 60.00  25.20
 61.00  25.00
 62.00  24.90
 63.00  25.00
 64.00  25.20
 65.00  25.20
 65.80  25.20
 66.10  26.00
 66.00  27.00
 65.90  28.00
 65.90  29.00
 66.10  30.00
 66.50  31.00
 67.20  32.00
 68.00  33.00
 68.80  34.00
 69.20  34.40
 70.00  34.00
 71.00  33.90
 72.00  33.60
 73.00  33.60
 73.70  34.00
 74.00  33.70
 75.00  33.10
 76.00  32.30
 77.00  31.00
 78.00  30.40
 79.00  29.70
 80.00  29.20
 81.00  29.00
 82.00  28.30
 83.00  27.90
 84.00  27.80
 85.00  27.50
 86.00  27.30
 87.00  26.90
 88.00  26.80
 89.00  26.90
 90.00  26.70
 91.00  26.80
 92.00  26.90
 93.00  27.20
 93.30  27.10
 93.60  27.10
 94.00  27.10
 94.20  27.10
 94.40  27.10
 94.60  27.10
 94.80  27.10
 95.00  27.10
 95.30  27.20
 95.50  27.20
 95.70  27.20
 95.70  26.80
 95.60  26.50
 95.40  26.30
 95.30  26.10
 95.20  25.90
 95.10  25.80
 95.00  25.70
 94.80  25.50
 94.70  25.30
 94.50  24.90
 94.50  24.70
 94.40  24.40
 94.30  23.90
 94.20  23.50
 94.20  23.40
 94.20  23.10
 94.10  22.70
 94.10  22.60
 94.00  22.40
 94.00  21.80
 94.00  21.80
 93.90  21.10
 93.90  21.00
 93.90  20.90
 93.90  20.60
 93.90  20.60
 93.80  20.30
 93.80  20.20
 93.80  20.10
 93.80  20.00
 93.90  19.60
 93.90  19.10
 93.90  18.70
 94.00  18.30
 94.00  17.90
 94.10  17.40
 94.10  17.00
 94.10  16.80
 93.80  16.60
 93.70  16.00
 93.50  15.00
 93.20  14.40
 92.80  13.80
 92.30  13.10
 92.00  12.50
 91.80  11.70
 91.80  11.10
 91.90  10.30
 91.80   9.30
 92.00   8.80
 92.40   7.80
 93.00   6.80
 93.00   5.90
 92.90   5.30
 93.10   4.20
 93.60   3.80
 94.50   2.90
 94.90   2.30
 95.40   2.10
 96.20   1.50
 96.80    .80
 97.40   -.30
 97.90  -1.30
 98.60  -2.00
 99.10  -2.80
 99.50  -2.80
 99.70  -3.20
100.20  -4.00
100.80  -4.60
101.40  -5.10
102.30  -6.30
102.80  -6.40
103.40  -7.00
104.10  -7.30
104.40  -7.10
105.00  -7.40
105.70  -7.60
106.10  -7.50
106.40  -7.80
107.00  -8.00
107.80  -8.30
108.50  -8.50
109.30  -8.80
110.30  -9.00
110.90  -9.00
111.60  -9.30
112.60  -9.40
113.20  -9.30
113.50  -9.20
114.40  -9.30
114.90  -9.40
116.40  -9.50
118.10 -10.20
119.90 -10.30
122.40 -10.30
123.30  -9.30
124.50  -7.90
125.80  -7.50
127.90  -7.40
130.00  -7.20
131.30  -6.10
131.10  -4.60
130.70  -3.40
130.60  -1.80
130.70   -.30
130.90   1.10
130.50   1.90
130.00   2.70
128.70   4.00
128.10   4.90
126.90   6.10
126.70   7.60
126.40   8.90
125.90  10.60
125.10  12.20
124.30  13.80
123.60  14.80
122.50  16.00
122.50  17.80
122.40  18.90
122.20  20.10
121.80  21.40
121.60  22.30
121.90  22.90
123.20  23.20
124.80  23.60
125.90  24.00
127.20  24.80
128.10  25.90
129.00  27.10
129.90  28.20
130.50  29.20
131.00  30.40
132.40  31.70
133.70  32.60
135.30  33.60
136.50  34.10
138.30  34.50
142.00  35.00
142.80  36.00
143.50  37.00
144.00  38.00
144.20  39.00
144.50  40.00
144.80  41.00
