:  179  Indian
 91.80   9.30
 91.90  10.30
 91.80  11.10
 91.80  11.70
 92.00  12.50
 92.30  13.10
 92.80  13.80
 93.20  14.40
 93.50  15.00
 93.70  16.00
 93.80  16.60
 94.10  16.80
 94.10  17.00
 94.10  17.40
 94.00  17.90
 94.00  18.30
 93.90  18.70
 93.90  19.10
 93.90  19.60
 93.80  20.00
 93.80  20.10
 93.80  20.20
 93.80  20.30
 93.90  20.60
 93.90  20.60
 93.90  20.90
 93.90  21.00
 93.90  21.10
 94.00  21.80
 94.00  21.80
 94.00  22.40
 94.10  22.60
 94.10  22.70
 94.20  23.10
 94.20  23.40
 94.20  23.50
 94.30  23.90
 94.40  24.40
 94.50  24.70
 94.50  24.90
 94.70  25.30
 94.80  25.50
 95.00  25.70
 95.10  25.80
 95.20  25.90
 95.30  26.10
 95.40  26.30
 95.60  26.50
 95.70  26.80
 95.70  27.20
 95.50  27.20
 95.30  27.20
 95.00  27.10
 94.80  27.10
 94.60  27.10
 94.40  27.10
 94.20  27.10
 94.00  27.10
 93.60  27.10
 93.30  27.10
 93.00  27.20
 92.00  26.90
 91.00  26.80
 90.00  26.70
 89.00  26.90
 88.00  26.80
 87.00  26.90
 86.00  27.30
 85.00  27.50
 84.00  27.80
 83.00  27.90
 82.00  28.30
 81.00  29.00
 80.00  29.20
 79.00  29.70
 78.00  30.40
 77.00  31.00
 76.00  32.30
 75.00  33.10
 74.00  33.70
 73.70  34.00
 73.00  33.60
 72.00  33.60
 71.00  33.90
 70.00  34.00
 69.20  34.40
 68.80  34.00
 68.00  33.00
 67.20  32.00
 66.50  31.00
 66.10  30.00
 65.90  29.00
 65.90  28.00
 66.00  27.00
 66.10  26.00
 65.80  25.20
 65.70  25.00
 65.20  24.00
 64.80  23.30
 63.80  23.20
 63.50  23.00
 63.00  22.50
 62.50  22.00
 62.25  21.50
 62.00  21.00
 61.60  20.50
 61.20  20.00
 60.80  19.00
 60.45  18.50
 60.30  18.00
 60.20  17.50
 60.10  17.00
 60.00  16.50
 60.00  16.00
 59.90  15.50
 59.80  15.00
 59.50  14.50
 59.10  14.00
 58.90  13.50
 58.60  13.00
 58.30  12.70
 57.90  12.00
 57.40  11.00
 56.75  10.25
 57.22   9.90
 57.50  10.12
 58.15   9.68
 58.06   9.24
 58.44   9.11
 58.28   8.48
 59.04   8.00
 59.24   8.00
 59.80   7.72
 59.56   7.18
 60.00   7.00
 60.16   6.68
 60.32   6.60
 60.40   6.38
 60.76   6.20
 61.60   5.56
 61.54   5.44
 62.20   4.98
 62.06   4.80
 62.56   4.48
 62.52   4.32
 63.08   3.96
 63.32   3.92
 63.52   3.76
 64.14   3.66
 65.12   2.96
 65.88   3.00
 66.76   2.30
 66.66   1.60
 67.04   1.32
 67.25    .88
 66.80    .48
 67.02    .16
 67.02    .00
 67.22   -.18
 67.00   -.46
 67.34   -.66
 67.34   -.80
 67.58   -.96
 67.34  -1.36
 68.04  -1.84
 67.92  -2.06
 68.19  -2.21
 67.88  -2.72
 68.21  -2.92
 67.98  -3.28
 68.61  -3.69
 68.28  -4.16
 68.73  -4.51
 68.73  -4.51
 80.00  -5.00
 89.00  -5.00
 89.50    .00
 90.00   5.00
 91.80   9.30
