:  162  Nazca
257.40   2.30
257.40   -.50
257.20  -2.90
257.20  -4.10
255.70  -4.30
254.30  -4.70
253.70  -4.90
253.00  -6.40
252.40  -8.10
252.20  -9.00
250.80  -9.30
250.10  -9.40
249.40 -11.00
248.80 -12.60
248.60 -13.60
247.80 -13.70
247.40 -15.70
246.90 -17.80
246.50 -19.40
246.30 -20.00
246.10 -20.70
245.80 -20.70
245.50 -22.70
244.80 -22.80
244.90 -24.10
245.10 -26.30
245.60 -26.80
246.10 -26.70
246.60 -27.20
247.90 -29.50
247.90 -31.10
247.90 -32.00
248.00 -33.80
248.00 -34.90
249.10 -35.10
249.80 -35.20
251.10 -35.20
252.30 -35.30
253.40 -35.50
254.70 -35.70
256.30 -35.80
258.20 -35.90
259.70 -36.10
261.60 -36.30
263.00 -36.40
263.70 -36.50
263.70 -37.10
265.40 -37.20
266.40 -37.40
266.30 -38.40
267.50 -38.80
268.20 -39.10
268.30 -40.30
268.90 -41.20
271.30 -41.30
273.60 -41.50
275.30 -41.70
276.10 -41.80
276.90 -41.90
277.10 -43.30
277.30 -44.30
277.70 -44.80
279.40 -44.90
280.40 -45.00
281.50 -45.20
282.70 -45.60
283.40 -45.60
283.80 -45.30
283.80 -44.80
283.80 -43.90
284.10 -43.00
284.30 -41.80
284.40 -40.50
284.90 -38.90
285.70 -37.60
286.50 -36.40
286.90 -35.10
287.30 -33.70
287.40 -32.00
287.90 -30.20
288.40 -28.50
288.80 -26.60
289.20 -24.90
289.40 -23.40
289.20 -22.20
288.80 -21.20
288.40 -20.40
287.80 -19.50
286.90 -18.10
286.00 -17.40
285.00 -16.60
284.20 -15.90
283.20 -15.10
282.10 -13.90
281.30 -12.80
280.50 -11.70
279.90 -10.50
279.40  -9.40
279.00  -7.80
278.70  -6.50
278.70  -5.40
278.70  -4.10
279.00  -2.50
279.10  -1.20
279.70    .30
280.20   1.00
280.90   1.90
281.20   2.20
281.70   2.60
281.90   3.60
282.10   4.30
282.20   4.90
282.20   5.40
282.00   6.00
281.90   6.50
281.60   7.10
281.30   7.40
280.90   7.50
280.50   7.50
280.10   7.20
279.70   7.00
279.20   6.90
278.70   7.00
278.30   7.10
278.00   7.20
277.60   7.20
277.50   7.00
277.50   6.90
277.50   6.50
277.50   5.90
277.50   5.20
277.60   4.60
277.50   4.00
277.60   3.50
277.00   3.50
276.30   3.50
275.50   3.40
275.50   2.50
275.50   1.80
274.80   1.80
274.80   1.40
274.80    .90
274.10   1.00
272.60   1.10
271.60   1.10
270.40   1.10
269.40   1.10
269.40   1.60
269.00   1.90
267.90   2.00
266.90   2.00
265.80   2.10
265.00   2.10
264.20   2.10
263.30   2.10
262.40   2.10
261.40   2.10
260.30   2.10
259.50   2.10
258.70   2.20
257.80   2.20
257.40   2.30
