:  299  N_American
144.80  41.00
147.00  42.00
148.50  43.00
150.00  44.00
152.00  45.00
153.80  46.00
155.00  47.00
156.20  48.00
157.80  49.00
159.50  50.00
160.50  51.00
161.00  52.00
162.20  53.00
163.00  54.00
164.00  55.50
166.00  54.30
168.00  53.60
170.00  52.60
172.00  51.90
174.00  51.30
176.00  50.80
178.00  50.50
180.00  50.50
182.00  50.40
184.00  50.50
186.00  50.80
188.00  51.00
190.00  51.30
192.00  51.70
194.00  52.20
196.00  52.80
198.00  53.20
200.00  53.70
202.00  54.00
204.00  54.70
206.00  55.20
208.00  56.00
210.00  56.80
212.00  57.80
213.00  58.30
214.00  59.00
215.00  59.20
216.00  59.30
217.00  59.40
218.00  59.80
219.00  60.10
220.00  59.90
221.00  59.50
222.00  59.00
223.00  58.50
223.50  58.00
223.90  57.00
224.50  56.00
225.50  55.00
226.10  54.00
227.20  53.00
228.70  52.00
229.30  51.50
230.10  51.00
230.80  50.50
231.80  50.00
233.00  49.00
233.90  48.00
234.50  47.00
234.90  46.00
235.00  45.00
235.00  44.00
235.00  43.00
235.10  42.00
235.30  41.00
235.60  40.20
236.00  40.00
236.10  39.50
236.30  39.00
236.80  38.50
237.25  38.00
237.70  37.50
238.30  37.00
238.90  36.50
239.45  36.00
239.95  35.50
240.65  34.90
241.50  34.70
242.70  34.15
243.45  34.00
244.40  33.30
244.50  32.90
244.80  32.50
244.90  32.30
245.10  32.10
245.30  31.90
245.30  31.80
245.50  31.60
245.60  31.30
245.70  31.00
245.80  30.80
246.10  30.50
246.40  30.10
246.50  29.90
246.70  29.70
246.90  29.50
247.30  29.10
247.50  28.80
247.70  28.50
247.90  28.30
248.10  28.00
248.20  27.90
248.40  27.70
248.50  27.50
248.70  27.30
248.90  27.10
249.10  26.80
249.30  26.60
249.50  26.40
249.60  26.20
249.70  26.10
249.70  26.00
249.70  26.00
249.90  25.80
250.00  25.60
250.10  25.50
250.20  25.30
250.30  25.10
250.80  24.90
250.90  24.70
250.90  24.60
251.00  24.50
251.30  24.10
251.70  23.50
252.00  23.00
252.30  22.90
252.40  22.60
252.70  22.40
253.20  22.10
253.80  21.90
254.10  21.60
254.40  21.20
254.30  20.60
254.30  20.20
254.40  19.60
254.80  19.20
255.20  18.90
255.70  18.40
256.40  18.00
257.10  17.60
257.90  17.20
258.60  16.90
259.30  16.60
260.10  16.30
260.60  16.10
261.20  15.80
261.70  15.60
262.40  15.30
263.00  15.20
263.60  15.10
264.20  15.00
270.70  15.30
273.00  16.40
275.00  16.90
277.00  17.50
278.50  17.80
278.50  18.80
280.00  19.20
283.00  19.70
285.00  19.70
286.40  19.90
287.20  19.90
288.10  20.10
289.20  20.10
290.30  20.10
291.20  20.10
292.10  20.10
292.90  20.00
294.00  19.80
294.00  19.80
295.00  19.70
295.90  19.60
296.60  19.40
297.50  19.00
298.20  18.60
299.00  18.00
314.30  20.30
314.40  21.30
314.50  22.00
315.00  22.80
315.00  23.00
315.10  23.70
313.70  23.90
313.70  23.90
313.70  24.20
313.90  24.50
314.60  25.20
315.00  25.70
315.20  26.20
315.50  26.90
315.80  27.50
316.25  28.75
316.85  28.75
317.30  30.10
318.00  30.00
318.10  30.50
318.30  30.90
319.50  31.90
320.70  33.80
322.20  33.50
323.60  35.30
325.00  35.00
325.90  36.00
326.30  36.50
326.80  36.80
328.00  37.50
328.85  37.90
329.20  38.00
329.35  38.30
329.70  38.40
330.05  39.45
330.25  39.45
330.30  40.00
330.70  41.70
330.70  42.30
330.70  42.70
330.70  42.90
331.00  43.30
331.50  43.80
331.80  44.50
332.00  45.00
332.60  46.50
332.50  47.80
331.00  49.80
330.00  51.20
330.00  52.10
328.20  52.20
328.20  52.60
325.00  52.70
324.80  53.00
324.70  55.20
326.00  57.00
330.50  60.00
333.00  61.60
335.40  63.00
337.50  64.10
341.00  63.70
343.00  65.00
343.00  66.00
343.50  66.40
340.50  66.70
341.50  67.70
341.90  68.40
342.70  68.98
343.50  68.90
344.60  70.00
345.30  70.55
346.20  70.97
346.80  70.92
348.00  71.70
353.50  70.92
355.30  71.40
  1.10  72.20
  4.40  72.80
  6.80  73.25
  7.80  73.40
  8.25  73.55
  8.80  73.95
  8.70  74.35
  8.40  74.60
  8.40  74.80
  7.30  75.60
  7.20  76.55
  7.40  76.75
  7.60  77.90
  7.00  78.45
  3.00  79.04
  4.25  79.60
358.00  80.38
356.50  80.90
354.00  82.10
355.50  83.40
   .00  84.10
  7.50  84.90
 43.00  86.50
 98.50  85.00
122.00  80.70
126.70  78.20
122.80  75.50
126.20  70.20
140.00  67.70
142.10  66.20
146.10  63.90
146.20  63.30
147.00  61.90
142.50  55.00
142.50  52.50
142.50  50.00
142.20  48.00
142.00  46.00
142.00  44.00
142.20  43.00
143.00  42.00
144.80  41.00
