:  449  Pacific
144.80  41.00
144.50  40.00
144.20  39.00
144.00  38.00
143.50  37.00
142.80  36.00
142.00  35.00
142.00  34.00
142.00  33.00
142.20  31.00
142.50  30.00
142.80  29.00
143.20  28.00
143.20  27.00
143.00  26.00
143.00  25.00
144.00  24.00
145.00  23.00
146.20  22.00
147.00  21.00
147.30  20.00
147.30  18.80
147.30  17.50
147.30  15.60
146.60  13.90
144.80  12.30
142.30  11.20
140.60  10.70
138.60  10.10
137.80   8.80
136.70   8.10
135.40   7.80
134.30   5.90
133.40   4.50
132.10   3.10
131.00   1.20
130.90   1.10
131.80   1.00
132.60    .70
133.40    .50
134.30    .20
135.10    .00
135.40   -.20
135.70   -.50
135.90   -.70
136.20  -1.00
136.50  -1.20
136.80  -1.40
137.80  -1.40
139.10  -1.60
140.10  -1.70
141.40  -1.90
142.70  -2.30
143.80  -3.00
144.60  -3.60
145.50  -4.40
146.10  -5.20
146.60  -5.90
147.00  -6.70
147.50  -7.30
148.60  -7.50
149.70  -7.30
150.50  -7.10
151.30  -6.90
152.40  -6.70
153.20  -6.70
154.20  -7.20
155.30  -8.00
156.60  -8.90
157.70  -9.60
158.50 -10.00
159.50 -10.40
160.50 -11.00
161.70 -11.60
162.90 -11.70
163.80 -11.80
164.80 -12.20
165.40 -13.60
165.80 -15.00
166.40 -16.80
166.90 -17.80
167.40 -19.00
168.00 -20.00
168.40 -21.00
169.10 -22.10
169.90 -23.10
170.60 -23.70
171.50 -23.70
172.50 -22.90
173.50 -22.00
174.30 -21.10
175.60 -19.30
176.20 -18.30
177.20 -17.20
178.30 -16.10
179.70 -15.50
180.70 -15.20
181.10 -15.10
182.30 -14.70
183.80 -14.60
185.10 -14.50
186.10 -14.50
187.20 -14.50
188.40 -14.50
188.40 -14.50
188.90 -15.40
188.90 -16.80
188.60 -18.10
187.90 -19.70
187.10 -21.40
186.50 -22.60
186.20 -23.60
185.50 -25.40
184.90 -27.20
184.30 -28.60
183.80 -29.80
183.10 -31.10
182.90 -31.70
182.00 -33.30
181.50 -34.40
180.80 -35.80
179.60 -37.40
178.80 -38.70
178.20 -39.40
176.90 -40.70
176.40 -41.10
175.30 -41.60
174.40 -41.70
173.30 -42.00
172.20 -42.60
171.00 -43.20
169.90 -43.70
169.00 -44.10
167.80 -44.70
167.30 -45.20
166.50 -46.00
165.90 -47.00
165.30 -47.90
164.70 -48.60
164.30 -49.10
164.10 -49.70
163.30 -50.30
162.40 -50.90
161.10 -52.10
160.60 -52.70
159.90 -53.50
159.70 -53.70
159.50 -53.90
159.40 -54.10
159.30 -54.20
159.20 -54.40
159.10 -54.70
158.90 -54.90
158.80 -55.10
158.70 -55.30
158.70 -55.40
158.60 -55.60
158.50 -55.80
158.60 -55.90
158.40 -56.10
158.30 -56.40
158.10 -56.50
158.00 -56.60
157.90 -56.80
157.70 -56.90
157.70 -57.10
157.70 -57.20
157.60 -57.30
157.50 -57.40
157.40 -57.50
157.40 -57.70
157.30 -57.80
157.30 -57.90
157.30 -58.10
157.50 -58.30
157.60 -58.40
157.70 -58.50
157.80 -58.60
157.80 -58.70
157.90 -58.80
158.00 -58.80
158.10 -58.90
158.20 -59.00
158.30 -59.10
158.40 -59.20
158.50 -59.30
158.50 -59.40
158.60 -59.50
158.80 -59.60
158.80 -59.70
160.90 -61.60
161.20 -61.80
163.20 -61.80
163.80 -62.30
165.00 -62.00
166.40 -62.90
167.40 -62.60
168.40 -63.00
170.50 -62.50
173.40 -64.10
174.80 -63.70
182.30 -66.70
188.10 -64.70
189.20 -65.10
194.10 -62.80
195.60 -63.30
198.70 -61.70
202.50 -63.10
207.90 -59.60
209.20 -60.00
210.90 -58.80
210.70 -58.70
212.90 -57.10
213.40 -57.30
215.30 -55.70
219.20 -56.80
220.10 -56.00
220.80 -56.20
222.10 -54.90
222.40 -55.00
223.10 -54.00
227.00 -54.90
227.60 -54.10
231.30 -54.90
233.00 -55.30
233.60 -54.70
237.70 -55.80
239.50 -54.30
241.00 -54.50
242.00 -53.30
241.60 -53.20
243.00 -50.80
243.60 -49.60
245.00 -50.00
245.90 -48.30
246.70 -45.20
247.30 -42.70
247.80 -40.70
248.30 -38.40
248.00 -34.90
248.00 -33.80
247.90 -32.00
247.90 -31.10
247.90 -29.50
246.60 -27.20
246.10 -26.70
245.60 -26.80
245.10 -26.30
244.90 -24.10
244.80 -22.80
245.50 -22.70
245.80 -20.70
246.10 -20.70
246.30 -20.00
246.50 -19.40
246.90 -17.80
247.40 -15.70
247.80 -13.70
248.60 -13.60
248.80 -12.60
249.40 -11.00
250.10  -9.40
250.80  -9.30
252.20  -9.00
252.40  -8.10
253.00  -6.40
253.70  -4.90
254.30  -4.70
255.70  -4.30
257.20  -4.10
257.20  -2.90
257.40   -.50
257.40   2.30
257.40   2.70
257.40   3.50
257.40   4.30
257.40   4.90
257.40   5.50
257.40   6.20
257.40   7.00
257.40   7.90
257.40   8.40
256.90   8.50
256.40   8.50
256.40   8.90
256.30   9.50
256.30  10.10
256.00  10.20
255.70  10.40
255.60  11.00
255.60  11.90
255.60  13.00
255.60  14.30
255.60  15.20
255.00  15.20
254.60  15.20
254.60  16.50
254.60  17.30
254.70  18.10
254.40  18.20
253.70  18.50
252.90  18.90
252.10  19.20
251.40  19.40
250.80  19.70
250.60  19.80
250.80  20.20
251.20  20.90
251.60  21.70
251.90  22.30
252.10  22.70
252.30  22.90
252.00  23.00
251.70  23.50
251.30  24.10
251.00  24.50
250.90  24.60
250.90  24.70
250.80  24.90
250.30  25.10
250.20  25.30
250.10  25.50
250.00  25.60
249.90  25.80
249.70  26.00
249.70  26.00
249.70  26.10
249.60  26.20
249.50  26.40
249.30  26.60
249.10  26.80
248.90  27.10
248.70  27.30
248.50  27.50
248.40  27.70
248.20  27.90
248.10  28.00
247.90  28.30
247.70  28.50
247.50  28.80
247.30  29.10
246.90  29.50
246.70  29.70
246.50  29.90
246.40  30.10
246.10  30.50
245.80  30.80
245.70  31.00
245.60  31.30
245.50  31.60
245.30  31.80
245.30  31.90
245.10  32.10
244.90  32.30
244.80  32.50
244.50  32.90
244.40  33.30
243.45  34.00
242.70  34.15
241.50  34.70
240.65  34.90
239.95  35.50
239.45  36.00
238.90  36.50
238.30  37.00
237.70  37.50
237.25  38.00
236.80  38.50
236.30  39.00
236.10  39.50
236.00  40.00
235.60  40.20
235.00  40.40
232.50  40.40
232.60  41.60
232.80  41.60
233.10  42.30
233.50  43.00
232.20  43.50
230.80  44.00
229.50  44.50
229.90  45.50
230.40  46.50
230.80  47.50
231.20  48.20
231.00  48.50
229.50  49.20
229.60  49.50
230.30  50.10
230.80  50.50
230.10  51.00
229.30  51.50
228.70  52.00
227.20  53.00
226.10  54.00
225.50  55.00
224.50  56.00
223.90  57.00
223.50  58.00
223.00  58.50
222.00  59.00
221.00  59.50
220.00  59.90
219.00  60.10
218.00  59.80
217.00  59.40
216.00  59.30
215.00  59.20
214.00  59.00
213.00  58.30
212.00  57.80
210.00  56.80
208.00  56.00
206.00  55.20
204.00  54.70
202.00  54.00
200.00  53.70
198.00  53.20
196.00  52.80
194.00  52.20
192.00  51.70
190.00  51.30
188.00  51.00
186.00  50.80
184.00  50.50
182.00  50.40
180.00  50.50
178.00  50.50
176.00  50.80
174.00  51.30
172.00  51.90
170.00  52.60
168.00  53.60
166.00  54.30
164.00  55.50
163.00  54.00
162.20  53.00
161.00  52.00
160.50  51.00
159.50  50.00
157.80  49.00
156.20  48.00
155.00  47.00
153.80  46.00
152.00  45.00
150.00  44.00
148.50  43.00
147.00  42.00
144.80  41.00
