:   64  Philippine
130.90   1.10
131.00   1.20
132.10   3.10
133.40   4.50
134.30   5.90
135.40   7.80
136.70   8.10
137.80   8.80
138.60  10.10
140.60  10.70
142.30  11.20
144.80  12.30
146.60  13.90
147.30  15.60
147.30  17.50
147.30  18.80
147.30  20.00
147.00  21.00
146.20  22.00
145.00  23.00
144.00  24.00
143.00  25.00
143.00  26.00
143.20  27.00
143.20  28.00
142.80  29.00
142.50  30.00
142.20  31.00
142.00  33.00
142.00  34.00
142.00  35.00
138.30  34.50
136.50  34.10
135.30  33.60
133.70  32.60
132.40  31.70
131.00  30.40
130.50  29.20
129.90  28.20
129.00  27.10
128.10  25.90
127.20  24.80
125.90  24.00
124.80  23.60
123.20  23.20
121.90  22.90
121.60  22.30
121.80  21.40
122.20  20.10
122.40  18.90
122.50  17.80
122.50  16.00
123.60  14.80
124.30  13.80
125.10  12.20
125.90  10.60
126.40   8.90
126.70   7.60
126.90   6.10
128.10   4.90
128.70   4.00
130.00   2.70
130.50   1.90
130.90   1.10
