:   51  Scotia
289.20 -55.40
291.00 -55.60
293.10 -55.60
294.30 -55.50
295.20 -55.60
296.60 -55.70
297.70 -55.80
299.90 -56.00
300.00 -56.00
302.50 -55.90
305.00 -55.70
307.50 -55.60
310.00 -55.50
311.80 -55.40
313.50 -55.20
315.30 -55.10
317.00 -55.00
317.80 -55.00
318.50 -54.90
319.30 -54.80
320.00 -54.80
322.50 -54.80
325.00 -54.80
327.50 -54.80
330.00 -54.80
330.70 -54.80
331.50 -54.90
333.00 -55.00
333.50 -55.20
334.00 -55.40
334.50 -55.50
335.00 -55.70
335.20 -55.80
335.50 -55.90
335.80 -56.00
336.00 -56.10
336.30 -56.60
336.60 -57.00
336.90 -57.50
337.20 -58.00
336.90 -58.40
336.60 -58.80
336.30 -59.20
336.00 -59.60
335.10 -60.70
334.40 -60.70
326.70 -60.00
322.50 -61.00
312.50 -60.00
304.00 -60.70
289.20 -55.40
